GAME_ID,EVENTNUM,EVENTMSGTYPE,EVENTMSGACTIONTYPE,PERIOD,WCTIMESTRING,PCTIMESTRING,HOMEDESCRIPTION,NEUTRALDESCRIPTION,VISITORDESCRIPTION,SCORE,SCOREMARGIN,PERSON1TYPE,PLAYER1_ID,PLAYER1_NAME,PLAYER1_TEAM_ID,PLAYER1_TEAM_CITY,PLAYER1_TEAM_NICKNAME,PLAYER1_TEAM_ABBREVIATION,PERSON2TYPE,PLAYER2_ID,PLAYER2_NAME,PLAYER2_TEAM_ID,PLAYER2_TEAM_CITY,PLAYER2_TEAM_NICKNAME,PLAYER2_TEAM_ABBREVIATION,PERSON3TYPE,PLAYER3_ID,PLAYER3_NAME,PLAYER3_TEAM_ID,PLAYER3_TEAM_CITY,PLAYER3_TEAM_NICKNAME,PLAYER3_TEAM_ABBREVIATION,VIDEO_AVAILABLE_FLAG
0011300077,0,12,0,1,7:42 PM,12:00,,Start of 1st Period (7:42 PM EST),,,,0,0,,,,,,0,0,,,,,,0,0,,,,,,0
0011300077,1,10,0,1,7:42 PM,12:00,Jump Ball Thompson vs. Hibbert: Tip to Hill,,,,,4,202684,Tristan Thompson,1610612739.0,Cleveland,Cavaliers,CLE,5,201579,Roy Hibbert,1610612754.0,Indiana,Pacers,IND,5,201588,George Hill,1610612754.0,Indiana,Pacers,IND,0
0011300077,2,2,80,1,7:43 PM,11:38,,,MISS West 16' Step Back Jump Shot,,,5,2561,David West,1610612754.0,Indiana,Pacers,IND,0,0,,,,,,0,0,,,,,,0
0011300077,3,4,0,1,7:43 PM,11:36,Waiters REBOUND (Off:0 Def:1),,,,,4,203079,Dion Waiters,1610612739.0,Cleveland,Cavaliers,CLE,0,0,,,,,,0,0,,,,,,0
0011300077,4,2,1,1,7:43 PM,11:20,MISS Varejao 17' Jump Shot,,,,,4,2760,Anderson Varejao,1610612739.0,Cleveland,Cavaliers,CLE,0,0,,,,,,0,0,,,,,,0
0011300077,5,4,0,1,7:43 PM,11:19,,,George REBOUND (Off:0 Def:1),,,5,202331,Paul George,1610612754.0,Indiana,Pacers,IND,0,0,,,,,,0,0,,,,,,0
0011300077,6,1,3,1,7:43 PM,11:07,,,Hibbert 9' Hook Shot (2 PTS) (George 1 AST),2 - 0,-2,5,201579,Roy Hibbert,1610612754.0,Indiana,Pacers,IND,5,202331,Paul George,1610612754.0,Indiana,Pacers,IND,0,0,,,,,,0
0011300077,7,9,1,1,7:43 PM,11:07,CAVALIERS Timeout: Regular (Full 1 Short 0),,,,,2,1610612739,,,,,,0,0,,,,,,0,0,,,,,,0
0011300077,11,1,1,1,7:46 PM,10:50,Irving 20' Jump Shot (2 PTS) (Thompson 1 AST),,,2 - 2,TIE,4,202681,Kyrie Irving,1610612739.0,Cleveland,Cavaliers,CLE,4,202684,Tristan Thompson,1610612739.0,Cleveland,Cavaliers,CLE,0,0,,,,,,0
0011300077,12,5,8,1,7:46 PM,10:37,,,Hibbert 3 Second Violation Turnover (P1.T1),,,5,201579,Roy Hibbert,1610612754.0,Indiana,Pacers,IND,0,0,,,,,,1,0,,,,,,0
0011300077,13,2,1,1,7:46 PM,10:26,MISS Waiters 19' Jump Shot,,,,,4,203079,Dion Waiters,1610612739.0,Cleveland,Cavaliers,CLE,0,0,,,,,,0,0,,,,,,0
0011300077,14,4,0,1,7:46 PM,10:25,,,Pacers Rebound,,,3,1610612754,,,,,,0,0,,,,,,0,0,,,,,,0
0011300077,15,6,17,1,7:47 PM,10:06,CAVALIERS T.Foul (Def. 3 Sec Waiters ),,,,,4,203079,Dion Waiters,1610612739.0,Cleveland,Cavaliers,CLE,0,0,,,,,,1,0,,,,,,0
0011300077,16,3,16,1,7:47 PM,10:06,,,George Free Throw Technical (1 PTS),3 - 2,-1,5,202331,Paul George,1610612754.0,Indiana,Pacers,IND,0,0,,,,,,0,0,,,,,,0
0011300077,17,2,1,1,7:48 PM,9:53,,,MISS Hibbert 6' Jump Shot,,,5,201579,Roy Hibbert,1610612754.0,Indiana,Pacers,IND,0,0,,,,,,0,0,,,,,,0
0011300077,18,4,0,1,7:48 PM,9:52,Irving REBOUND (Off:0 Def:1),,,,,4,202681,Kyrie Irving,1610612739.0,Cleveland,Cavaliers,CLE,0,0,,,,,,0,0,,,,,,0
0011300077,19,1,7,1,7:48 PM,9:47,Thompson 1' Dunk (2 PTS) (Irving 1 AST),,,3 - 4,1,4,202684,Tristan Thompson,1610612739.0,Cleveland,Cavaliers,CLE,4,202681,Kyrie Irving,1610612739.0,Cleveland,Cavaliers,CLE,0,0,,,,,,0
0011300077,20,2,5,1,7:48 PM,9:34,Thompson BLOCK (1 BLK),,MISS Hibbert 2' Layup,,,5,201579,Roy Hibbert,1610612754.0,Indiana,Pacers,IND,0,0,,,,,,4,202684,Tristan Thompson,1610612739.0,Cleveland,Cavaliers,CLE,0
0011300077,21,4,0,1,7:48 PM,9:34,,,Pacers Rebound,,,3,1610612754,,,,,,0,0,,,,,,0,0,,,,,,0
0011300077,23,6,1,1,7:48 PM,9:29,Clark P.FOUL (P1.T1),,,,,4,201947,Earl Clark,1610612739.0,Cleveland,Cavaliers,CLE,5,202331,Paul George,1610612754.0,Indiana,Pacers,IND,1,0,,,,,,0
0011300077,24,2,1,1,7:49 PM,9:22,,,MISS George 21' Jump Shot,,,5,202331,Paul George,1610612754.0,Indiana,Pacers,IND,0,0,,,,,,0,0,,,,,,0
0011300077,25,4,0,1,7:49 PM,9:21,Varejao REBOUND (Off:0 Def:1),,,,,4,2760,Anderson Varejao,1610612739.0,Cleveland,Cavaliers,CLE,0,0,,,,,,0,0,,,,,,0
0011300077,26,5,4,1,7:49 PM,9:12,Clark Traveling Turnover (P1.T1),,,,,4,201947,Earl Clark,1610612739.0,Cleveland,Cavaliers,CLE,0,0,,,,,,1,0,,,,,,0
0011300077,27,2,1,1,7:49 PM,8:59,,,MISS Hibbert 16' Jump Shot,,,5,201579,Roy Hibbert,1610612754.0,Indiana,Pacers,IND,0,0,,,,,,0,0,,,,,,0
0011300077,28,4,0,1,7:49 PM,8:58,Thompson REBOUND (Off:0 Def:1),,,,,4,202684,Tristan Thompson,1610612739.0,Cleveland,Cavaliers,CLE,0,0,,,,,,0,0,,,,,,0
0011300077,29,1,1,1,7:49 PM,8:42,Thompson 13' Jump Shot (4 PTS) (Irving 2 AST),,,3 - 6,3,4,202684,Tristan Thompson,1610612739.0,Cleveland,Cavaliers,CLE,4,202681,Kyrie Irving,1610612739.0,Cleveland,Cavaliers,CLE,0,0,,,,,,0
0011300077,30,5,2,1,7:50 PM,8:27,Thompson STEAL (1 STL),,George Lost Ball Turnover (P1.T2),,,5,202331,Paul George,1610612754.0,Indiana,Pacers,IND,4,202684,Tristan Thompson,1610612739.0,Cleveland,Cavaliers,CLE,0,0,,,,,,0
0011300077,31,6,28,1,7:50 PM,8:27,,,Stephenson Personal Take Foul (P1.T1),,,5,202362,Lance Stephenson,1610612754.0,Indiana,Pacers,IND,4,201947,Earl Clark,1610612739.0,Cleveland,Cavaliers,CLE,1,0,,,,,,0
0011300077,32,2,1,1,7:50 PM,8:11,MISS Clark 26' 3PT Jump Shot,,,,,4,201947,Earl Clark,1610612739.0,Cleveland,Cavaliers,CLE,0,0,,,,,,0,0,,,,,,0
0011300077,33,4,0,1,7:50 PM,8:10,Varejao REBOUND (Off:1 Def:1),,,,,4,2760,Anderson Varejao,1610612739.0,Cleveland,Cavaliers,CLE,0,0,,,,,,0,0,,,,,,0
0011300077,34,2,44,1,7:51 PM,7:59,MISS Waiters 2' Reverse Layup,,,,,4,203079,Dion Waiters,1610612739.0,Cleveland,Cavaliers,CLE,0,0,,,,,,0,0,,,,,,0
0011300077,36,4,0,1,7:51 PM,7:57,Varejao REBOUND (Off:2 Def:1),,,,,4,2760,Anderson Varejao,1610612739.0,Cleveland,Cavaliers,CLE,0,0,,,,,,0,0,,,,,,0
0011300077,35,2,72,1,7:51 PM,7:57,MISS Varejao 3' Putback Layup,,,,,4,2760,Anderson Varejao,1610612739.0,Cleveland,Cavaliers,CLE,0,0,,,,,,0,0,,,,,,0
0011300077,37,4,0,1,7:51 PM,7:54,,,Stephenson REBOUND (Off:0 Def:1),,,5,202362,Lance Stephenson,1610612754.0,Indiana,Pacers,IND,0,0,,,,,,0,0,,,,,,0
0011300077,38,1,65,1,7:51 PM,7:48,,,Hibbert 6' Jump Hook Shot (4 PTS) (Stephenson 1 AST),5 - 6,1,5,201579,Roy Hibbert,1610612754.0,Indiana,Pacers,IND,5,202362,Lance Stephenson,1610612754.0,Indiana,Pacers,IND,0,0,,,,,,0
0011300077,39,1,1,1,7:51 PM,7:36,Thompson 14' Jump Shot (6 PTS) (Irving 3 AST),,,5 - 8,3,4,202684,Tristan Thompson,1610612739.0,Cleveland,Cavaliers,CLE,4,202681,Kyrie Irving,1610612739.0,Cleveland,Cavaliers,CLE,0,0,,,,,,0
0011300077,40,9,1,1,7:51 PM,7:36,,,Pacers Timeout: Regular (Reg.1 Short 0),,,3,1610612754,,,,,,0,0,,,,,,0,0,,,,,,0
0011300077,44,6,1,1,7:54 PM,7:26,Irving P.FOUL (P1.T2),,,,,4,202681,Kyrie Irving,1610612739.0,Cleveland,Cavaliers,CLE,5,201579,Roy Hibbert,1610612754.0,Indiana,Pacers,IND,1,0,,,,,,0
0011300077,45,5,1,1,7:54 PM,7:22,Clark STEAL (1 STL),,George Bad Pass Turnover (P2.T3),,,5,202331,Paul George,1610612754.0,Indiana,Pacers,IND,4,201947,Earl Clark,1610612739.0,Cleveland,Cavaliers,CLE,0,0,,,,,,0
0011300077,46,2,1,1,7:54 PM,7:16,MISS Irving 26' 3PT Jump Shot,,,,,4,202681,Kyrie Irving,1610612739.0,Cleveland,Cavaliers,CLE,0,0,,,,,,0,0,,,,,,0
0011300077,47,4,0,1,7:54 PM,7:16,Thompson REBOUND (Off:1 Def:1),,,,,4,202684,Tristan Thompson,1610612739.0,Cleveland,Cavaliers,CLE,0,0,,,,,,0,0,,,,,,0
0011300077,48,6,1,1,7:55 PM,7:16,,,George P.FOUL (P1.T2),,,5,202331,Paul George,1610612754.0,Indiana,Pacers,IND,4,202684,Tristan Thompson,1610612739.0,Cleveland,Cavaliers,CLE,1,0,,,,,,0
0011300077,49,2,1,1,7:55 PM,7:04,MISS Waiters 18' Jump Shot,,,,,4,203079,Dion Waiters,1610612739.0,Cleveland,Cavaliers,CLE,0,0,,,,,,0,0,,,,,,0
0011300077,50,4,0,1,7:55 PM,7:03,,,Stephenson REBOUND (Off:0 Def:2),,,5,202362,Lance Stephenson,1610612754.0,Indiana,Pacers,IND,0,0,,,,,,0,0,,,,,,0
0011300077,51,2,63,1,7:55 PM,6:46,,,MISS Hibbert 6' Fadeaway Jumper,,,5,201579,Roy Hibbert,1610612754.0,Indiana,Pacers,IND,0,0,,,,,,0,0,,,,,,0
0011300077,52,4,0,1,7:55 PM,6:45,Clark REBOUND (Off:0 Def:1),,,,,4,201947,Earl Clark,1610612739.0,Cleveland,Cavaliers,CLE,0,0,,,,,,0,0,,,,,,0
0011300077,53,1,1,1,7:56 PM,6:31,Clark 16' Jump Shot (2 PTS) (Waiters 1 AST),,,5 - 10,5,4,201947,Earl Clark,1610612739.0,Cleveland,Cavaliers,CLE,4,203079,Dion Waiters,1610612739.0,Cleveland,Cavaliers,CLE,0,0,,,,,,0
0011300077,54,2,1,1,7:56 PM,6:17,,,MISS West 17' Jump Shot,,,5,2561,David West,1610612754.0,Indiana,Pacers,IND,0,0,,,,,,0,0,,,,,,0
0011300077,55,4,0,1,7:56 PM,6:16,,,George REBOUND (Off:1 Def:1),,,5,202331,Paul George,1610612754.0,Indiana,Pacers,IND,0,0,,,,,,0,0,,,,,,0
0011300077,56,2,5,1,7:56 PM,6:13,Clark BLOCK (1 BLK),,MISS George 1' Layup,,,5,202331,Paul George,1610612754.0,Indiana,Pacers,IND,0,0,,,,,,4,201947,Earl Clark,1610612739.0,Cleveland,Cavaliers,CLE,0
0011300077,57,4,0,1,7:56 PM,6:13,CAVALIERS Rebound,,,,,2,1610612739,,,,,,0,0,,,,,,0,0,,,,,,0
0011300077,58,2,1,1,7:56 PM,5:55,MISS Irving 25' 3PT Jump Shot,,,,,4,202681,Kyrie Irving,1610612739.0,Cleveland,Cavaliers,CLE,0,0,,,,,,0,0,,,,,,0
0011300077,59,4,0,1,7:56 PM,5:55,CAVALIERS Rebound,,,,,2,1610612739,,,,,,0,0,,,,,,0,0,,,,,,0
0011300077,60,6,3,1,7:57 PM,5:55,,,Hibbert L.B.FOUL (P1.T3),,,5,201579,Roy Hibbert,1610612754.0,Indiana,Pacers,IND,4,2760,Anderson Varejao,1610612739.0,Cleveland,Cavaliers,CLE,1,0,,,,,,0
0011300077,61,8,0,1,7:57 PM,5:55,,,SUB: Hill FOR Stephenson,,,5,202362,Lance Stephenson,1610612754.0,Indiana,Pacers,IND,5,203524,Solomon Hill,1610612754.0,Indiana,Pacers,IND,0,0,,,,,,0
0011300077,62,8,0,1,7:57 PM,5:55,,,SUB: Scola FOR Hibbert,,,5,201579,Roy Hibbert,1610612754.0,Indiana,Pacers,IND,5,2449,Luis Scola,1610612754.0,Indiana,Pacers,IND,0,0,,,,,,0
0011300077,63,2,75,1,7:57 PM,5:44,MISS Waiters  Driving Finger Roll Layup,,,,,4,203079,Dion Waiters,1610612739.0,Cleveland,Cavaliers,CLE,0,0,,,,,,0,0,,,,,,0
0011300077,64,4,0,1,7:57 PM,5:42,Thompson REBOUND (Off:2 Def:1),,,,,4,202684,Tristan Thompson,1610612739.0,Cleveland,Cavaliers,CLE,0,0,,,,,,0,0,,,,,,0
0011300077,65,6,2,1,7:57 PM,5:42,,,Scola S.FOUL (P1.T4),,,5,2449,Luis Scola,1610612754.0,Indiana,Pacers,IND,4,202684,Tristan Thompson,1610612739.0,Cleveland,Cavaliers,CLE,1,0,,,,,,0
0011300077,66,3,11,1,7:57 PM,5:42,Thompson Free Throw 1 of 2 (7 PTS),,,5 - 11,6,4,202684,Tristan Thompson,1610612739.0,Cleveland,Cavaliers,CLE,0,0,,,,,,0,0,,,,,,0
0011300077,68,3,12,1,7:57 PM,5:42,MISS Thompson Free Throw 2 of 2,,,,,4,202684,Tristan Thompson,1610612739.0,Cleveland,Cavaliers,CLE,0,0,,,,,,0,0,,,,,,0
0011300077,70,4,0,1,7:58 PM,5:42,,,George REBOUND (Off:1 Def:2),,,5,202331,Paul George,1610612754.0,Indiana,Pacers,IND,0,0,,,,,,0,0,,,,,,0
0011300077,71,2,1,1,7:58 PM,5:24,,,MISS Hill 25' 3PT Jump Shot,,,5,201588,George Hill,1610612754.0,Indiana,Pacers,IND,0,0,,,,,,0,0,,,,,,0
0011300077,72,4,0,1,7:58 PM,5:23,Clark REBOUND (Off:0 Def:2),,,,,4,201947,Earl Clark,1610612739.0,Cleveland,Cavaliers,CLE,0,0,,,,,,0,0,,,,,,0
0011300077,73,1,1,1,7:58 PM,5:05,Varejao 17' Jump Shot (2 PTS) (Irving 4 AST),,,5 - 13,8,4,2760,Anderson Varejao,1610612739.0,Cleveland,Cavaliers,CLE,4,202681,Kyrie Irving,1610612739.0,Cleveland,Cavaliers,CLE,0,0,,,,,,0
0011300077,74,5,1,1,7:58 PM,4:54,,,Hill Bad Pass Turnover (P1.T4),,,5,201588,George Hill,1610612754.0,Indiana,Pacers,IND,0,0,,,,,,0,0,,,,,,0
0011300077,76,5,39,1,7:59 PM,4:40,Irving Step Out of Bounds Turnover (P1.T2),,,,,4,202681,Kyrie Irving,1610612739.0,Cleveland,Cavaliers,CLE,0,0,,,,,,0,0,,,,,,0
0011300077,77,8,0,1,7:59 PM,4:40,SUB: Bennett FOR Thompson,,,,,4,202684,Tristan Thompson,1610612739.0,Cleveland,Cavaliers,CLE,4,203461,Anthony Bennett,1610612739.0,Cleveland,Cavaliers,CLE,0,0,,,,,,0
0011300077,78,8,0,1,8:00 PM,4:40,SUB: Dellavedova FOR Waiters,,,,,4,203079,Dion Waiters,1610612739.0,Cleveland,Cavaliers,CLE,4,203521,Matthew Dellavedova,1610612739.0,Cleveland,Cavaliers,CLE,0,0,,,,,,0
0011300077,79,6,1,1,8:00 PM,4:22,Varejao P.FOUL (P1.T3),,,,,4,2760,Anderson Varejao,1610612739.0,Cleveland,Cavaliers,CLE,5,2561,David West,1610612754.0,Indiana,Pacers,IND,1,0,,,,,,0
0011300077,81,2,1,1,8:00 PM,4:11,,,MISS Scola 16' Jump Shot,,,5,2449,Luis Scola,1610612754.0,Indiana,Pacers,IND,0,0,,,,,,0,0,,,,,,0
0011300077,82,4,0,1,8:00 PM,4:10,Irving REBOUND (Off:0 Def:2),,,,,4,202681,Kyrie Irving,1610612739.0,Cleveland,Cavaliers,CLE,0,0,,,,,,0,0,,,,,,0
0011300077,83,2,44,1,8:01 PM,3:50,MISS Irving 1' Reverse Layup,,,,,4,202681,Kyrie Irving,1610612739.0,Cleveland,Cavaliers,CLE,0,0,,,,,,0,0,,,,,,0
0011300077,84,4,0,1,8:01 PM,3:48,Varejao REBOUND (Off:3 Def:1),,,,,4,2760,Anderson Varejao,1610612739.0,Cleveland,Cavaliers,CLE,0,0,,,,,,0,0,,,,,,0
0011300077,85,1,1,1,8:01 PM,3:43,Irving  3PT Jump Shot (5 PTS) (Varejao 1 AST),,,5 - 16,11,4,202681,Kyrie Irving,1610612739.0,Cleveland,Cavaliers,CLE,4,2760,Anderson Varejao,1610612739.0,Cleveland,Cavaliers,CLE,0,0,,,,,,0
0011300077,86,1,71,1,8:01 PM,3:19,,,Scola 3' Finger Roll Layup (2 PTS),7 - 16,9,5,2449,Luis Scola,1610612754.0,Indiana,Pacers,IND,0,0,,,,,,0,0,,,,,,0
0011300077,87,2,1,1,8:01 PM,3:09,MISS Bennett 25' 3PT Jump Shot,,,,,4,203461,Anthony Bennett,1610612739.0,Cleveland,Cavaliers,CLE,0,0,,,,,,0,0,,,,,,0
0011300077,88,4,0,1,8:01 PM,3:07,,,Hill REBOUND (Off:0 Def:1),,,5,201588,George Hill,1610612754.0,Indiana,Pacers,IND,0,0,,,,,,0,0,,,,,,0
0011300077,89,2,1,1,8:02 PM,2:56,,,MISS George 17' Jump Shot,,,5,202331,Paul George,1610612754.0,Indiana,Pacers,IND,0,0,,,,,,0,0,,,,,,0
0011300077,90,4,0,1,8:02 PM,2:54,Varejao REBOUND (Off:3 Def:2),,,,,4,2760,Anderson Varejao,1610612739.0,Cleveland,Cavaliers,CLE,0,0,,,,,,0,0,,,,,,0
0011300077,91,2,5,1,8:02 PM,2:46,MISS Irving 1' Layup,,,,,4,202681,Kyrie Irving,1610612739.0,Cleveland,Cavaliers,CLE,0,0,,,,,,0,0,,,,,,0
0011300077,92,4,0,1,8:02 PM,2:45,Varejao REBOUND (Off:4 Def:2),,,,,4,2760,Anderson Varejao,1610612739.0,Cleveland,Cavaliers,CLE,0,0,,,,,,0,0,,,,,,0
0011300077,93,2,1,1,8:02 PM,2:40,MISS Clark  3PT Jump Shot,,,,,4,201947,Earl Clark,1610612739.0,Cleveland,Cavaliers,CLE,0,0,,,,,,0,0,,,,,,0
0011300077,94,4,0,1,8:02 PM,2:39,,,Hill REBOUND (Off:0 Def:2),,,5,201588,George Hill,1610612754.0,Indiana,Pacers,IND,0,0,,,,,,0,0,,,,,,0
0011300077,95,6,2,1,8:02 PM,2:34,Varejao S.FOUL (P2.T4),,,,,4,2760,Anderson Varejao,1610612739.0,Cleveland,Cavaliers,CLE,5,2561,David West,1610612754.0,Indiana,Pacers,IND,1,0,,,,,,0
0011300077,96,3,11,1,8:02 PM,2:34,,,West Free Throw 1 of 2 (1 PTS),8 - 16,8,5,2561,David West,1610612754.0,Indiana,Pacers,IND,0,0,,,,,,0,0,,,,,,0
0011300077,98,8,0,1,8:03 PM,2:34,SUB: Karasev FOR Clark,,,,,4,201947,Earl Clark,1610612739.0,Cleveland,Cavaliers,CLE,4,203508,Sergey Karasev,1610612739.0,Cleveland,Cavaliers,CLE,0,0,,,,,,0
0011300077,99,8,0,1,8:03 PM,2:34,SUB: Sims FOR Varejao,,,,,4,2760,Anderson Varejao,1610612739.0,Cleveland,Cavaliers,CLE,4,203156,Henry Sims,1610612739.0,Cleveland,Cavaliers,CLE,0,0,,,,,,0
0011300077,100,8,0,1,8:03 PM,2:34,SUB: Gee FOR Irving,,,,,4,202681,Kyrie Irving,1610612739.0,Cleveland,Cavaliers,CLE,4,202087,Alonzo Gee,1610612739.0,Cleveland,Cavaliers,CLE,0,0,,,,,,0
0011300077,101,8,0,1,8:03 PM,2:34,,,SUB: Watson FOR Hill,,,5,201588,George Hill,1610612754.0,Indiana,Pacers,IND,5,201228,C.J. Watson,1610612754.0,Indiana,Pacers,IND,0,0,,,,,,0
0011300077,102,3,12,1,8:03 PM,2:34,,,West Free Throw 2 of 2 (2 PTS),9 - 16,7,5,2561,David West,1610612754.0,Indiana,Pacers,IND,0,0,,,,,,0,0,,,,,,0
0011300077,104,2,47,1,8:03 PM,2:16,MISS Bennett 11' Turnaround Jump Shot,,Scola BLOCK (1 BLK),,,4,203461,Anthony Bennett,1610612739.0,Cleveland,Cavaliers,CLE,0,0,,,,,,5,2449,Luis Scola,1610612754.0,Indiana,Pacers,IND,0
0011300077,105,4,0,1,8:03 PM,2:14,,,Hill REBOUND (Off:0 Def:1),,,5,203524,Solomon Hill,1610612754.0,Indiana,Pacers,IND,0,0,,,,,,0,0,,,,,,0
0011300077,106,2,1,1,8:04 PM,1:58,,,MISS George 25' 3PT Jump Shot,,,5,202331,Paul George,1610612754.0,Indiana,Pacers,IND,0,0,,,,,,0,0,,,,,,0
0011300077,107,4,0,1,8:04 PM,1:57,CAVALIERS Rebound,,,,,2,1610612739,,,,,,0,0,,,,,,0,0,,,,,,0
0011300077,108,5,4,1,8:04 PM,1:42,Bennett Traveling Turnover (P1.T3),,,,,4,203461,Anthony Bennett,1610612739.0,Cleveland,Cavaliers,CLE,0,0,,,,,,1,0,,,,,,0
0011300077,109,2,1,1,8:04 PM,1:28,,,MISS Watson 25' 3PT Jump Shot,,,5,201228,C.J. Watson,1610612754.0,Indiana,Pacers,IND,0,0,,,,,,0,0,,,,,,0
0011300077,110,4,0,1,8:04 PM,1:27,Karasev REBOUND (Off:0 Def:1),,,,,4,203508,Sergey Karasev,1610612739.0,Cleveland,Cavaliers,CLE,0,0,,,,,,0,0,,,,,,0
0011300077,111,6,2,1,8:05 PM,1:18,,,George S.FOUL (P2.PN),,,5,202331,Paul George,1610612754.0,Indiana,Pacers,IND,4,202087,Alonzo Gee,1610612739.0,Cleveland,Cavaliers,CLE,1,0,,,,,,0
0011300077,112,3,11,1,8:05 PM,1:18,MISS Gee Free Throw 1 of 2,,,,,4,202087,Alonzo Gee,1610612739.0,Cleveland,Cavaliers,CLE,0,0,,,,,,0,0,,,,,,0
0011300077,113,4,1,1,8:05 PM,1:18,CAVALIERS Rebound,,,,,2,1610612739,,,,,,0,0,,,,,,0,0,,,,,,0
0011300077,114,8,0,1,8:05 PM,1:18,,,SUB: Butler FOR George,,,5,202331,Paul George,1610612754.0,Indiana,Pacers,IND,5,2446,Rasual Butler,1610612754.0,Indiana,Pacers,IND,0,0,,,,,,0
0011300077,115,3,12,1,8:05 PM,1:18,Gee Free Throw 2 of 2 (1 PTS),,,9 - 17,8,4,202087,Alonzo Gee,1610612739.0,Cleveland,Cavaliers,CLE,0,0,,,,,,0,0,,,,,,0
0011300077,117,5,1,1,8:06 PM,1:08,Bennett STEAL (1 STL),,Scola Bad Pass Turnover (P1.T5),,,5,2449,Luis Scola,1610612754.0,Indiana,Pacers,IND,4,203461,Anthony Bennett,1610612739.0,Cleveland,Cavaliers,CLE,0,0,,,,,,0
0011300077,118,5,8,1,8:06 PM,1:01,Bennett 3 Second Violation Turnover (P2.T4),,,,,4,203461,Anthony Bennett,1610612739.0,Cleveland,Cavaliers,CLE,0,0,,,,,,1,0,,,,,,0
0011300077,120,1,5,1,8:06 PM,0:52,,,Scola  Layup (4 PTS) (Watson 1 AST),11 - 17,6,5,2449,Luis Scola,1610612754.0,Indiana,Pacers,IND,5,201228,C.J. Watson,1610612754.0,Indiana,Pacers,IND,0,0,,,,,,0
0011300077,121,9,2,1,8:06 PM,0:52,CAVALIERS Timeout: Short (Full 1 Short 1),,,,,2,1610612739,,,,,,0,0,,,,,,0,0,,,,,,0
0011300077,124,2,1,1,8:08 PM,0:38,MISS Dellavedova 25' 3PT Jump Shot,,,,,4,203521,Matthew Dellavedova,1610612739.0,Cleveland,Cavaliers,CLE,0,0,,,,,,0,0,,,,,,0
0011300077,125,4,0,1,8:08 PM,0:37,,,Hill REBOUND (Off:0 Def:2),,,5,203524,Solomon Hill,1610612754.0,Indiana,Pacers,IND,0,0,,,,,,0,0,,,,,,0
0011300077,126,6,1,1,8:08 PM,0:22,Bennett P.FOUL (P1.PN),,,,,4,203461,Anthony Bennett,1610612739.0,Cleveland,Cavaliers,CLE,5,2561,David West,1610612754.0,Indiana,Pacers,IND,1,0,,,,,,0
0011300077,127,3,11,1,8:08 PM,0:22,,,West Free Throw 1 of 2 (3 PTS),12 - 17,5,5,2561,David West,1610612754.0,Indiana,Pacers,IND,0,0,,,,,,0,0,,,,,,0
0011300077,129,3,12,1,8:08 PM,0:22,,,West Free Throw 2 of 2 (4 PTS),13 - 17,4,5,2561,David West,1610612754.0,Indiana,Pacers,IND,0,0,,,,,,0,0,,,,,,0
0011300077,132,2,1,1,8:09 PM,0:04,MISS Sims 20' Jump Shot,,,,,4,203156,Henry Sims,1610612739.0,Cleveland,Cavaliers,CLE,0,0,,,,,,0,0,,,,,,0
0011300077,133,4,0,1,8:09 PM,0:03,Karasev REBOUND (Off:1 Def:1),,,,,4,203508,Sergey Karasev,1610612739.0,Cleveland,Cavaliers,CLE,0,0,,,,,,0,0,,,,,,0
0011300077,134,2,1,1,8:09 PM,0:02,MISS Karasev 10' Jump Shot,,,,,4,203508,Sergey Karasev,1610612739.0,Cleveland,Cavaliers,CLE,0,0,,,,,,0,0,,,,,,0
0011300077,135,4,0,1,8:09 PM,0:02,CAVALIERS Rebound,,,,,2,1610612739,,,,,,0,0,,,,,,0,0,,,,,,0
0011300077,137,2,5,1,8:09 PM,0:00,MISS Sims 2' Layup,,West BLOCK (1 BLK),,,4,203156,Henry Sims,1610612739.0,Cleveland,Cavaliers,CLE,0,0,,,,,,5,2561,David West,1610612754.0,Indiana,Pacers,IND,0
0011300077,138,4,0,1,8:10 PM,0:00,CAVALIERS Rebound,,,,,2,1610612739,,,,,,0,0,,,,,,0,0,,,,,,0
0011300077,140,13,0,1,8:10 PM,0:00,,End of 1st Period (8:10 PM EST),,13 - 17,4,0,0,,,,,,0,0,,,,,,0,0,,,,,,0
0011300077,142,12,0,2,8:13 PM,12:00,,Start of 2nd Period (8:13 PM EST),,13 - 17,4,0,0,,,,,,0,0,,,,,,0,0,,,,,,0
0011300077,143,2,1,2,8:13 PM,11:45,MISS Karasev 25' 3PT Jump Shot,,,,,4,203508,Sergey Karasev,1610612739.0,Cleveland,Cavaliers,CLE,0,0,,,,,,0,0,,,,,,0
0011300077,144,4,0,2,8:13 PM,11:44,Bennett REBOUND (Off:1 Def:0),,,,,4,203461,Anthony Bennett,1610612739.0,Cleveland,Cavaliers,CLE,0,0,,,,,,0,0,,,,,,0
0011300077,145,2,1,2,8:13 PM,11:29,MISS Gee 13' Jump Shot,,,,,4,202087,Alonzo Gee,1610612739.0,Cleveland,Cavaliers,CLE,0,0,,,,,,0,0,,,,,,0
0011300077,146,4,0,2,8:13 PM,11:28,,,Watson REBOUND (Off:0 Def:1),,,5,201228,C.J. Watson,1610612754.0,Indiana,Pacers,IND,0,0,,,,,,0,0,,,,,,0
0011300077,147,2,5,2,8:13 PM,11:11,,,MISS Scola 1' Layup,,,5,2449,Luis Scola,1610612754.0,Indiana,Pacers,IND,0,0,,,,,,0,0,,,,,,0
0011300077,148,4,0,2,8:13 PM,11:09,Bennett REBOUND (Off:1 Def:1),,,,,4,203461,Anthony Bennett,1610612739.0,Cleveland,Cavaliers,CLE,0,0,,,,,,0,0,,,,,,0
0011300077,149,2,1,2,8:14 PM,11:02,MISS Bennett 27' 3PT Jump Shot,,,,,4,203461,Anthony Bennett,1610612739.0,Cleveland,Cavaliers,CLE,0,0,,,,,,0,0,,,,,,0
0011300077,150,4,0,2,8:14 PM,11:02,CAVALIERS Rebound,,,,,2,1610612739,,,,,,0,0,,,,,,0,0,,,,,,0
0011300077,151,6,3,2,8:14 PM,11:02,,,Copeland L.B.FOUL (P1.T1),,,5,203142,Chris Copeland,1610612754.0,Indiana,Pacers,IND,4,203156,Henry Sims,1610612739.0,Cleveland,Cavaliers,CLE,1,0,,,,,,0
0011300077,152,5,4,2,8:14 PM,10:53,Dellavedova Traveling Turnover (P1.T5),,,,,4,203521,Matthew Dellavedova,1610612739.0,Cleveland,Cavaliers,CLE,0,0,,,,,,1,0,,,,,,0
0011300077,153,2,1,2,8:14 PM,10:38,,,MISS Copeland 24' 3PT Jump Shot,,,5,203142,Chris Copeland,1610612754.0,Indiana,Pacers,IND,0,0,,,,,,0,0,,,,,,0
0011300077,154,4,0,2,8:14 PM,10:37,Dellavedova REBOUND (Off:0 Def:1),,,,,4,203521,Matthew Dellavedova,1610612739.0,Cleveland,Cavaliers,CLE,0,0,,,,,,0,0,,,,,,0
0011300077,155,6,1,2,8:15 PM,10:34,,,Copeland P.FOUL (P2.T2),,,5,203142,Chris Copeland,1610612754.0,Indiana,Pacers,IND,4,203461,Anthony Bennett,1610612739.0,Cleveland,Cavaliers,CLE,1,0,,,,,,0
0011300077,156,6,1,2,8:15 PM,10:21,,,Watson P.FOUL (P1.T3),,,5,201228,C.J. Watson,1610612754.0,Indiana,Pacers,IND,4,203521,Matthew Dellavedova,1610612739.0,Cleveland,Cavaliers,CLE,1,0,,,,,,0
0011300077,157,2,1,2,8:16 PM,10:09,MISS Dellavedova 26' 3PT Jump Shot,,,,,4,203521,Matthew Dellavedova,1610612739.0,Cleveland,Cavaliers,CLE,0,0,,,,,,0,0,,,,,,0
0011300077,158,4,0,2,8:16 PM,10:07,Bennett REBOUND (Off:2 Def:1),,,,,4,203461,Anthony Bennett,1610612739.0,Cleveland,Cavaliers,CLE,0,0,,,,,,0,0,,,,,,0
0011300077,159,2,88,2,8:16 PM,9:54,MISS Bennett 1' Driving Slam Dunk,,,,,4,203461,Anthony Bennett,1610612739.0,Cleveland,Cavaliers,CLE,0,0,,,,,,0,0,,,,,,0
0011300077,160,4,0,2,8:16 PM,9:52,Dellavedova REBOUND (Off:1 Def:1),,,,,4,203521,Matthew Dellavedova,1610612739.0,Cleveland,Cavaliers,CLE,0,0,,,,,,0,0,,,,,,0
0011300077,161,1,1,2,8:16 PM,9:46,Karasev 8' Jump Shot (2 PTS) (Dellavedova 1 AST),,,13 - 19,6,4,203508,Sergey Karasev,1610612739.0,Cleveland,Cavaliers,CLE,4,203521,Matthew Dellavedova,1610612739.0,Cleveland,Cavaliers,CLE,0,0,,,,,,0
0011300077,162,1,1,2,8:16 PM,9:27,,,Copeland 26' 3PT Jump Shot (3 PTS) (Hill 1 AST),16 - 19,3,5,203142,Chris Copeland,1610612754.0,Indiana,Pacers,IND,5,203524,Solomon Hill,1610612754.0,Indiana,Pacers,IND,0,0,,,,,,0
0011300077,163,1,7,2,8:17 PM,8:54,Bennett 1' Dunk (2 PTS) (Dellavedova 2 AST),,,16 - 21,5,4,203461,Anthony Bennett,1610612739.0,Cleveland,Cavaliers,CLE,4,203521,Matthew Dellavedova,1610612739.0,Cleveland,Cavaliers,CLE,0,0,,,,,,0
0011300077,168,7,1,2,8:17 PM,8:54,CAVALIERS Violation: Delay of game Violation,,,,,2,1610612739,,,,,,0,0,,,,,,1,0,,,,,,0
0011300077,164,2,5,2,8:17 PM,8:40,,,MISS Hill 1' Layup,,,5,203524,Solomon Hill,1610612754.0,Indiana,Pacers,IND,0,0,,,,,,0,0,,,,,,0
0011300077,165,4,0,2,8:17 PM,8:38,Bennett REBOUND (Off:2 Def:2),,,,,4,203461,Anthony Bennett,1610612739.0,Cleveland,Cavaliers,CLE,0,0,,,,,,0,0,,,,,,0
0011300077,166,1,5,2,8:18 PM,8:30,Bennett  Layup (4 PTS) (Dellavedova 3 AST),,,16 - 23,7,4,203461,Anthony Bennett,1610612739.0,Cleveland,Cavaliers,CLE,4,203521,Matthew Dellavedova,1610612739.0,Cleveland,Cavaliers,CLE,0,0,,,,,,0
0011300077,167,9,1,2,8:18 PM,8:30,,,Pacers Timeout: Regular (Reg.2 Short 0),,,3,1610612754,,,,,,0,0,,,,,,0,0,,,,,,0
0011300077,170,8,0,2,8:20 PM,8:30,,,SUB: Stephenson FOR Hill,,,5,203524,Solomon Hill,1610612754.0,Indiana,Pacers,IND,5,202362,Lance Stephenson,1610612754.0,Indiana,Pacers,IND,0,0,,,,,,0
0011300077,171,8,0,2,8:20 PM,8:30,,,SUB: Hibbert FOR Scola,,,5,2449,Luis Scola,1610612754.0,Indiana,Pacers,IND,5,201579,Roy Hibbert,1610612754.0,Indiana,Pacers,IND,0,0,,,,,,0
0011300077,173,2,1,2,8:20 PM,8:16,,,MISS Butler 24' 3PT Jump Shot,,,5,2446,Rasual Butler,1610612754.0,Indiana,Pacers,IND,0,0,,,,,,0,0,,,,,,0
0011300077,174,4,0,2,8:20 PM,8:15,Bennett REBOUND (Off:2 Def:3),,,,,4,203461,Anthony Bennett,1610612739.0,Cleveland,Cavaliers,CLE,0,0,,,,,,0,0,,,,,,0
0011300077,175,1,1,2,8:21 PM,8:05,Gee 13' Jump Shot (3 PTS) (Dellavedova 4 AST),,,16 - 25,9,4,202087,Alonzo Gee,1610612739.0,Cleveland,Cavaliers,CLE,4,203521,Matthew Dellavedova,1610612739.0,Cleveland,Cavaliers,CLE,0,0,,,,,,0
0011300077,176,6,17,2,8:21 PM,7:39,CAVALIERS T.Foul (Def. 3 Sec Gee ),,,,,4,202087,Alonzo Gee,1610612739.0,Cleveland,Cavaliers,CLE,0,0,,,,,,1,0,,,,,,0
0011300077,177,3,16,2,8:21 PM,7:39,,,MISS Watson Free Throw Technical,,,5,201228,C.J. Watson,1610612754.0,Indiana,Pacers,IND,0,0,,,,,,0,0,,,,,,0
0011300077,178,4,1,2,8:21 PM,7:39,,,Pacers Rebound,,,3,1610612754,,,,,,0,0,,,,,,0,0,,,,,,0
0011300077,179,1,1,2,8:22 PM,7:30,,,Butler 24' 3PT Jump Shot (3 PTS) (Copeland 1 AST),19 - 25,6,5,2446,Rasual Butler,1610612754.0,Indiana,Pacers,IND,5,203142,Chris Copeland,1610612754.0,Indiana,Pacers,IND,0,0,,,,,,0
0011300077,182,5,1,2,8:23 PM,7:07,Bennett Bad Pass Turnover (P3.T6),,,,,4,203461,Anthony Bennett,1610612739.0,Cleveland,Cavaliers,CLE,0,0,,,,,,0,0,,,,,,0
0011300077,183,2,1,2,8:23 PM,6:53,,,MISS Butler  3PT Jump Shot,,,5,2446,Rasual Butler,1610612754.0,Indiana,Pacers,IND,0,0,,,,,,0,0,,,,,,0
0011300077,184,4,0,2,8:23 PM,6:52,Sims REBOUND (Off:0 Def:1),,,,,4,203156,Henry Sims,1610612739.0,Cleveland,Cavaliers,CLE,0,0,,,,,,0,0,,,,,,0
0011300077,185,6,2,2,8:24 PM,6:35,,,Butler S.FOUL (P1.T4),,,5,2446,Rasual Butler,1610612754.0,Indiana,Pacers,IND,4,202087,Alonzo Gee,1610612739.0,Cleveland,Cavaliers,CLE,1,0,,,,,,0
0011300077,186,3,11,2,8:24 PM,6:35,Gee Free Throw 1 of 2 (4 PTS),,,19 - 26,7,4,202087,Alonzo Gee,1610612739.0,Cleveland,Cavaliers,CLE,0,0,,,,,,0,0,,,,,,0
0011300077,188,8,0,2,8:24 PM,6:35,SUB: Waiters FOR Karasev,,,,,4,203508,Sergey Karasev,1610612739.0,Cleveland,Cavaliers,CLE,4,203079,Dion Waiters,1610612739.0,Cleveland,Cavaliers,CLE,0,0,,,,,,0
0011300077,189,8,0,2,8:24 PM,6:35,SUB: Thompson FOR Bennett,,,,,4,203461,Anthony Bennett,1610612739.0,Cleveland,Cavaliers,CLE,4,202684,Tristan Thompson,1610612739.0,Cleveland,Cavaliers,CLE,0,0,,,,,,0
0011300077,190,3,12,2,8:24 PM,6:35,MISS Gee Free Throw 2 of 2,,,,,4,202087,Alonzo Gee,1610612739.0,Cleveland,Cavaliers,CLE,0,0,,,,,,0,0,,,,,,0
0011300077,192,4,0,2,8:24 PM,6:34,,,Hibbert REBOUND (Off:0 Def:1),,,5,201579,Roy Hibbert,1610612754.0,Indiana,Pacers,IND,0,0,,,,,,0,0,,,,,,0
0011300077,193,2,1,2,8:25 PM,6:21,,,MISS Copeland 24' 3PT Jump Shot,,,5,203142,Chris Copeland,1610612754.0,Indiana,Pacers,IND,0,0,,,,,,0,0,,,,,,0
0011300077,194,4,0,2,8:25 PM,6:20,Sims REBOUND (Off:0 Def:2),,,,,4,203156,Henry Sims,1610612739.0,Cleveland,Cavaliers,CLE,0,0,,,,,,0,0,,,,,,0
0011300077,195,2,1,2,8:25 PM,6:09,MISS Sims 16' Jump Shot,,,,,4,203156,Henry Sims,1610612739.0,Cleveland,Cavaliers,CLE,0,0,,,,,,0,0,,,,,,0
0011300077,196,4,0,2,8:25 PM,6:08,,,Hibbert REBOUND (Off:0 Def:2),,,5,201579,Roy Hibbert,1610612754.0,Indiana,Pacers,IND,0,0,,,,,,0,0,,,,,,0
0011300077,197,2,1,2,8:25 PM,5:58,,,MISS Copeland 24' 3PT Jump Shot,,,5,203142,Chris Copeland,1610612754.0,Indiana,Pacers,IND,0,0,,,,,,0,0,,,,,,0
0011300077,198,4,0,2,8:25 PM,5:57,Dellavedova REBOUND (Off:1 Def:2),,,,,4,203521,Matthew Dellavedova,1610612739.0,Cleveland,Cavaliers,CLE,0,0,,,,,,0,0,,,,,,0
0011300077,199,6,29,2,8:25 PM,5:49,,,Hibbert Shooting Block Foul (P2.PN),,,5,201579,Roy Hibbert,1610612754.0,Indiana,Pacers,IND,4,203079,Dion Waiters,1610612739.0,Cleveland,Cavaliers,CLE,1,0,,,,,,0
0011300077,200,9,4,2,8:25 PM,5:49,,Timeout: Official,,,,1,0,,,,,,0,0,,,,,,0,0,,,,,,0
0011300077,203,8,0,2,8:28 PM,5:49,SUB: Varejao FOR Dellavedova,,,,,4,203521,Matthew Dellavedova,1610612739.0,Cleveland,Cavaliers,CLE,4,2760,Anderson Varejao,1610612739.0,Cleveland,Cavaliers,CLE,0,0,,,,,,0
0011300077,204,8,0,2,8:28 PM,5:49,SUB: Clark FOR Gee,,,,,4,202087,Alonzo Gee,1610612739.0,Cleveland,Cavaliers,CLE,4,201947,Earl Clark,1610612739.0,Cleveland,Cavaliers,CLE,0,0,,,,,,0
0011300077,205,8,0,2,8:28 PM,5:49,SUB: Irving FOR Sims,,,,,4,203156,Henry Sims,1610612739.0,Cleveland,Cavaliers,CLE,4,202681,Kyrie Irving,1610612739.0,Cleveland,Cavaliers,CLE,0,0,,,,,,0
0011300077,206,3,11,2,8:28 PM,5:49,MISS Waiters Free Throw 1 of 2,,,,,4,203079,Dion Waiters,1610612739.0,Cleveland,Cavaliers,CLE,0,0,,,,,,0,0,,,,,,0
0011300077,207,4,1,2,8:28 PM,5:49,CAVALIERS Rebound,,,,,2,1610612739,,,,,,0,0,,,,,,0,0,,,,,,0
0011300077,208,3,12,2,8:28 PM,5:49,Waiters Free Throw 2 of 2 (1 PTS),,,19 - 27,8,4,203079,Dion Waiters,1610612739.0,Cleveland,Cavaliers,CLE,0,0,,,,,,0,0,,,,,,0
0011300077,210,1,1,2,8:29 PM,5:27,,,Stephenson 19' Jump Shot (2 PTS) (Watson 2 AST),21 - 27,6,5,202362,Lance Stephenson,1610612754.0,Indiana,Pacers,IND,5,201228,C.J. Watson,1610612754.0,Indiana,Pacers,IND,0,0,,,,,,0
0011300077,212,5,1,2,8:29 PM,5:10,Irving Bad Pass Turnover (P2.T7),,Hibbert STEAL (1 STL),,,4,202681,Kyrie Irving,1610612739.0,Cleveland,Cavaliers,CLE,5,201579,Roy Hibbert,1610612754.0,Indiana,Pacers,IND,0,0,,,,,,0
0011300077,211,10,0,2,8:30 PM,5:10,Jump Ball Varejao vs. Hibbert: Tip to Butler,,,,,4,2760,Anderson Varejao,1610612739.0,Cleveland,Cavaliers,CLE,5,201579,Roy Hibbert,1610612754.0,Indiana,Pacers,IND,5,2446,Rasual Butler,1610612754.0,Indiana,Pacers,IND,0
0011300077,213,6,29,2,8:30 PM,4:56,Varejao Shooting Block Foul (P3.T1),,,,,4,2760,Anderson Varejao,1610612739.0,Cleveland,Cavaliers,CLE,5,201228,C.J. Watson,1610612754.0,Indiana,Pacers,IND,1,0,,,,,,0
0011300077,214,3,11,2,8:30 PM,4:56,,,Watson Free Throw 1 of 2 (1 PTS),22 - 27,5,5,201228,C.J. Watson,1610612754.0,Indiana,Pacers,IND,0,0,,,,,,0,0,,,,,,0
0011300077,216,3,12,2,8:30 PM,4:56,,,Watson Free Throw 2 of 2 (2 PTS),23 - 27,4,5,201228,C.J. Watson,1610612754.0,Indiana,Pacers,IND,0,0,,,,,,0,0,,,,,,0
0011300077,219,6,1,2,8:31 PM,4:45,,,Watson P.FOUL (P2.PN),,,5,201228,C.J. Watson,1610612754.0,Indiana,Pacers,IND,4,202681,Kyrie Irving,1610612739.0,Cleveland,Cavaliers,CLE,1,0,,,,,,0
0011300077,220,3,11,2,8:31 PM,4:45,Irving Free Throw 1 of 2 (6 PTS),,,23 - 28,5,4,202681,Kyrie Irving,1610612739.0,Cleveland,Cavaliers,CLE,0,0,,,,,,0,0,,,,,,0
0011300077,222,8,0,2,8:31 PM,4:45,,,SUB: Hill FOR Watson,,,5,201228,C.J. Watson,1610612754.0,Indiana,Pacers,IND,5,201588,George Hill,1610612754.0,Indiana,Pacers,IND,0,0,,,,,,0
0011300077,223,8,0,2,8:31 PM,4:45,,,SUB: George FOR Butler,,,5,2446,Rasual Butler,1610612754.0,Indiana,Pacers,IND,5,202331,Paul George,1610612754.0,Indiana,Pacers,IND,0,0,,,,,,0
0011300077,224,3,12,2,8:31 PM,4:45,MISS Irving Free Throw 2 of 2,,,,,4,202681,Kyrie Irving,1610612739.0,Cleveland,Cavaliers,CLE,0,0,,,,,,0,0,,,,,,0
0011300077,226,4,0,2,8:32 PM,4:44,,,Stephenson REBOUND (Off:0 Def:3),,,5,202362,Lance Stephenson,1610612754.0,Indiana,Pacers,IND,0,0,,,,,,0,0,,,,,,0
0011300077,227,6,4,2,8:32 PM,4:35,,,Hibbert OFF.Foul (P3),,,5,201579,Roy Hibbert,1610612754.0,Indiana,Pacers,IND,4,2760,Anderson Varejao,1610612739.0,Cleveland,Cavaliers,CLE,1,0,,,,,,0
0011300077,228,5,5,2,8:32 PM,4:35,,,Hibbert Foul Turnover (P2.T6),,,5,201579,Roy Hibbert,1610612754.0,Indiana,Pacers,IND,0,0,,,,,,1,0,,,,,,0
0011300077,229,2,1,2,8:32 PM,4:22,MISS Waiters 24' 3PT Jump Shot,,,,,4,203079,Dion Waiters,1610612739.0,Cleveland,Cavaliers,CLE,0,0,,,,,,0,0,,,,,,0
0011300077,230,4,0,2,8:32 PM,4:22,CAVALIERS Rebound,,,,,2,1610612739,,,,,,0,0,,,,,,0,0,,,,,,0
0011300077,231,6,3,2,8:32 PM,4:22,,,Hibbert L.B.FOUL (P4.PN),,,5,201579,Roy Hibbert,1610612754.0,Indiana,Pacers,IND,4,2760,Anderson Varejao,1610612739.0,Cleveland,Cavaliers,CLE,1,0,,,,,,0
0011300077,232,3,11,2,8:33 PM,4:22,Varejao Free Throw 1 of 2 (3 PTS),,,23 - 29,6,4,2760,Anderson Varejao,1610612739.0,Cleveland,Cavaliers,CLE,0,0,,,,,,0,0,,,,,,0
0011300077,234,8,0,2,8:33 PM,4:22,,,SUB: West FOR Hibbert,,,5,201579,Roy Hibbert,1610612754.0,Indiana,Pacers,IND,5,2561,David West,1610612754.0,Indiana,Pacers,IND,0,0,,,,,,0
0011300077,235,3,12,2,8:33 PM,4:22,Varejao Free Throw 2 of 2 (4 PTS),,,23 - 30,7,4,2760,Anderson Varejao,1610612739.0,Cleveland,Cavaliers,CLE,0,0,,,,,,0,0,,,,,,0
0011300077,238,1,47,2,8:33 PM,4:07,,,Copeland 9' Turnaround Jump Shot (5 PTS) (George 2 AST),25 - 30,5,5,203142,Chris Copeland,1610612754.0,Indiana,Pacers,IND,5,202331,Paul George,1610612754.0,Indiana,Pacers,IND,0,0,,,,,,0
0011300077,239,6,2,2,8:33 PM,4:07,Thompson S.FOUL (P1.T2),,,,,4,202684,Tristan Thompson,1610612739.0,Cleveland,Cavaliers,CLE,5,203142,Chris Copeland,1610612754.0,Indiana,Pacers,IND,1,0,,,,,,0
0011300077,240,3,10,2,8:34 PM,4:07,,,Copeland Free Throw 1 of 1 (6 PTS),26 - 30,4,5,203142,Chris Copeland,1610612754.0,Indiana,Pacers,IND,0,0,,,,,,0,0,,,,,,0
0011300077,242,6,1,2,8:34 PM,3:54,,,West P.FOUL (P1.PN),,,5,2561,David West,1610612754.0,Indiana,Pacers,IND,4,2760,Anderson Varejao,1610612739.0,Cleveland,Cavaliers,CLE,1,0,,,,,,0
0011300077,243,3,11,2,8:34 PM,3:54,Varejao Free Throw 1 of 2 (5 PTS),,,26 - 31,5,4,2760,Anderson Varejao,1610612739.0,Cleveland,Cavaliers,CLE,0,0,,,,,,0,0,,,,,,0
0011300077,245,3,12,2,8:34 PM,3:54,Varejao Free Throw 2 of 2 (6 PTS),,,26 - 32,6,4,2760,Anderson Varejao,1610612739.0,Cleveland,Cavaliers,CLE,0,0,,,,,,0,0,,,,,,0
0011300077,247,2,5,2,8:35 PM,3:38,Irving BLOCK (1 BLK),,MISS West 1' Layup,,,5,2561,David West,1610612754.0,Indiana,Pacers,IND,0,0,,,,,,4,202681,Kyrie Irving,1610612739.0,Cleveland,Cavaliers,CLE,0
0011300077,248,4,0,2,8:35 PM,3:37,Thompson REBOUND (Off:2 Def:2),,,,,4,202684,Tristan Thompson,1610612739.0,Cleveland,Cavaliers,CLE,0,0,,,,,,0,0,,,,,,0
0011300077,249,2,1,2,8:35 PM,3:31,MISS Varejao 17' Jump Shot,,,,,4,2760,Anderson Varejao,1610612739.0,Cleveland,Cavaliers,CLE,0,0,,,,,,0,0,,,,,,0
0011300077,250,4,0,2,8:35 PM,3:29,,,West REBOUND (Off:0 Def:1),,,5,2561,David West,1610612754.0,Indiana,Pacers,IND,0,0,,,,,,0,0,,,,,,0
0011300077,251,1,5,2,8:35 PM,3:26,,,Stephenson 1' Layup (4 PTS) (West 1 AST),28 - 32,4,5,202362,Lance Stephenson,1610612754.0,Indiana,Pacers,IND,5,2561,David West,1610612754.0,Indiana,Pacers,IND,0,0,,,,,,0
0011300077,252,6,2,2,8:35 PM,3:26,Waiters S.FOUL (P1.T3),,,,,4,203079,Dion Waiters,1610612739.0,Cleveland,Cavaliers,CLE,5,202362,Lance Stephenson,1610612754.0,Indiana,Pacers,IND,1,0,,,,,,0
0011300077,253,3,10,2,8:35 PM,3:26,,,MISS Stephenson Free Throw 1 of 1,,,5,202362,Lance Stephenson,1610612754.0,Indiana,Pacers,IND,0,0,,,,,,0,0,,,,,,0
0011300077,255,4,0,2,8:35 PM,3:25,Varejao REBOUND (Off:4 Def:3),,,,,4,2760,Anderson Varejao,1610612739.0,Cleveland,Cavaliers,CLE,0,0,,,,,,0,0,,,,,,0
0011300077,256,5,2,2,8:36 PM,3:07,Irving Lost Ball Turnover (P3.T8),,West STEAL (1 STL),,,4,202681,Kyrie Irving,1610612739.0,Cleveland,Cavaliers,CLE,5,2561,David West,1610612754.0,Indiana,Pacers,IND,0,0,,,,,,0
0011300077,257,1,47,2,8:36 PM,2:49,,,West 15' Turnaround Jump Shot (6 PTS),30 - 32,2,5,2561,David West,1610612754.0,Indiana,Pacers,IND,0,0,,,,,,0,0,,,,,,0
0011300077,258,6,2,2,8:37 PM,2:32,,,Hill S.FOUL (P1.PN),,,5,201588,George Hill,1610612754.0,Indiana,Pacers,IND,4,202681,Kyrie Irving,1610612739.0,Cleveland,Cavaliers,CLE,1,0,,,,,,0
0011300077,259,9,1,2,8:37 PM,2:32,CAVALIERS Timeout: Regular (Full 2 Short 1),,,,,2,1610612739,,,,,,0,0,,,,,,0,0,,,,,,0
0011300077,263,3,11,2,8:39 PM,2:32,Irving Free Throw 1 of 2 (7 PTS),,,30 - 33,3,4,202681,Kyrie Irving,1610612739.0,Cleveland,Cavaliers,CLE,0,0,,,,,,0,0,,,,,,0
0011300077,265,3,12,2,8:39 PM,2:32,MISS Irving Free Throw 2 of 2,,,,,4,202681,Kyrie Irving,1610612739.0,Cleveland,Cavaliers,CLE,0,0,,,,,,0,0,,,,,,0
0011300077,267,4,0,2,8:39 PM,2:31,,,George REBOUND (Off:1 Def:3),,,5,202331,Paul George,1610612754.0,Indiana,Pacers,IND,0,0,,,,,,0,0,,,,,,0
0011300077,268,2,1,2,8:40 PM,2:10,,,MISS West 17' Jump Shot,,,5,2561,David West,1610612754.0,Indiana,Pacers,IND,0,0,,,,,,0,0,,,,,,0
0011300077,269,4,0,2,8:40 PM,2:08,Thompson REBOUND (Off:2 Def:3),,,,,4,202684,Tristan Thompson,1610612739.0,Cleveland,Cavaliers,CLE,0,0,,,,,,0,0,,,,,,0
0011300077,270,6,2,2,8:40 PM,1:48,,,Copeland S.FOUL (P3.PN),,,5,203142,Chris Copeland,1610612754.0,Indiana,Pacers,IND,4,202684,Tristan Thompson,1610612739.0,Cleveland,Cavaliers,CLE,1,0,,,,,,0
0011300077,271,3,11,2,8:40 PM,1:48,Thompson Free Throw 1 of 2 (8 PTS),,,30 - 34,4,4,202684,Tristan Thompson,1610612739.0,Cleveland,Cavaliers,CLE,0,0,,,,,,0,0,,,,,,0
0011300077,273,8,0,2,8:41 PM,1:48,,,SUB: Scola FOR Copeland,,,5,203142,Chris Copeland,1610612754.0,Indiana,Pacers,IND,5,2449,Luis Scola,1610612754.0,Indiana,Pacers,IND,0,0,,,,,,0
0011300077,274,3,12,2,8:41 PM,1:48,Thompson Free Throw 2 of 2 (9 PTS),,,30 - 35,5,4,202684,Tristan Thompson,1610612739.0,Cleveland,Cavaliers,CLE,0,0,,,,,,0,0,,,,,,0
0011300077,277,5,1,2,8:41 PM,1:44,Waiters STEAL (1 STL),,Hill Bad Pass Turnover (P2.T7),,,5,201588,George Hill,1610612754.0,Indiana,Pacers,IND,4,203079,Dion Waiters,1610612739.0,Cleveland,Cavaliers,CLE,0,0,,,,,,0
0011300077,278,2,5,2,8:41 PM,1:38,MISS Waiters 1' Layup,,,,,4,203079,Dion Waiters,1610612739.0,Cleveland,Cavaliers,CLE,0,0,,,,,,0,0,,,,,,0
0011300077,280,4,0,2,8:41 PM,1:36,Irving REBOUND (Off:1 Def:2),,,,,4,202681,Kyrie Irving,1610612739.0,Cleveland,Cavaliers,CLE,0,0,,,,,,0,0,,,,,,0
0011300077,279,1,4,2,8:41 PM,1:36,Irving 2' Tip Shot (9 PTS),,,30 - 37,7,4,202681,Kyrie Irving,1610612739.0,Cleveland,Cavaliers,CLE,0,0,,,,,,0,0,,,,,,0
0011300077,281,1,1,2,8:42 PM,1:18,,,George 16' Jump Shot (3 PTS) (Hill 1 AST),32 - 37,5,5,202331,Paul George,1610612754.0,Indiana,Pacers,IND,5,201588,George Hill,1610612754.0,Indiana,Pacers,IND,0,0,,,,,,0
0011300077,282,1,5,2,8:42 PM,1:00,Irving 1' Layup (11 PTS) (Varejao 2 AST),,,32 - 39,7,4,202681,Kyrie Irving,1610612739.0,Cleveland,Cavaliers,CLE,4,2760,Anderson Varejao,1610612739.0,Cleveland,Cavaliers,CLE,0,0,,,,,,0
0011300077,283,1,1,2,8:42 PM,0:47,,,West 17' Jump Shot (8 PTS) (Scola 1 AST),34 - 39,5,5,2561,David West,1610612754.0,Indiana,Pacers,IND,5,2449,Luis Scola,1610612754.0,Indiana,Pacers,IND,0,0,,,,,,0
0011300077,285,5,39,2,8:42 PM,0:30,Irving Step Out of Bounds Turnover (P4.T9),,,,,4,202681,Kyrie Irving,1610612739.0,Cleveland,Cavaliers,CLE,0,0,,,,,,0,0,,,,,,0
0011300077,286,8,0,2,8:43 PM,0:30,SUB: Karasev FOR Waiters,,,,,4,203079,Dion Waiters,1610612739.0,Cleveland,Cavaliers,CLE,4,203508,Sergey Karasev,1610612739.0,Cleveland,Cavaliers,CLE,0,0,,,,,,0
0011300077,287,1,80,2,8:43 PM,0:08,,,West 18' Step Back Jump Shot (10 PTS),36 - 39,3,5,2561,David West,1610612754.0,Indiana,Pacers,IND,0,0,,,,,,0,0,,,,,,0
0011300077,288,13,0,2,8:43 PM,0:00,,End of 2nd Period (8:43 PM EST),,36 - 39,3,0,0,,,,,,0,0,,,,,,0,0,,,,,,0
0011300077,290,12,0,3,8:59 PM,12:00,,Start of 3rd Period (8:59 PM EST),,36 - 39,3,0,0,,,,,,0,0,,,,,,0,0,,,,,,0
0011300077,291,1,78,3,9:00 PM,11:46,Waiters 9' Floating Jump Shot (3 PTS),,,36 - 41,5,4,203079,Dion Waiters,1610612739.0,Cleveland,Cavaliers,CLE,0,0,,,,,,0,0,,,,,,0
0011300077,292,1,63,3,9:00 PM,11:31,,,West 7' Fadeaway Jumper (12 PTS),38 - 41,3,5,2561,David West,1610612754.0,Indiana,Pacers,IND,0,0,,,,,,0,0,,,,,,0
0011300077,293,6,2,3,9:00 PM,11:31,Thompson S.FOUL (P2.T1),,,,,4,202684,Tristan Thompson,1610612739.0,Cleveland,Cavaliers,CLE,5,2561,David West,1610612754.0,Indiana,Pacers,IND,1,0,,,,,,0
0011300077,294,3,10,3,9:00 PM,11:31,,,West Free Throw 1 of 1 (13 PTS),39 - 41,2,5,2561,David West,1610612754.0,Indiana,Pacers,IND,0,0,,,,,,0,0,,,,,,0
0011300077,296,6,4,3,9:01 PM,11:21,Gee OFF.Foul (P1),,,,,4,202087,Alonzo Gee,1610612739.0,Cleveland,Cavaliers,CLE,5,2561,David West,1610612754.0,Indiana,Pacers,IND,1,0,,,,,,0
0011300077,297,5,5,3,9:01 PM,11:21,Gee Foul Turnover (P1.T10),,,,,4,202087,Alonzo Gee,1610612739.0,Cleveland,Cavaliers,CLE,0,0,,,,,,1,0,,,,,,0
0011300077,298,2,83,3,9:01 PM,11:02,,,MISS West 8' Fadeaway Bank Shot,,,5,2561,David West,1610612754.0,Indiana,Pacers,IND,0,0,,,,,,0,0,,,,,,0
0011300077,299,4,0,3,9:01 PM,11:00,Irving REBOUND (Off:1 Def:3),,,,,4,202681,Kyrie Irving,1610612739.0,Cleveland,Cavaliers,CLE,0,0,,,,,,0,0,,,,,,0
0011300077,300,6,1,3,9:01 PM,10:55,,,Hill P.FOUL (P2.T1),,,5,201588,George Hill,1610612754.0,Indiana,Pacers,IND,4,203079,Dion Waiters,1610612739.0,Cleveland,Cavaliers,CLE,1,0,,,,,,0
0011300077,301,2,1,3,9:02 PM,10:50,MISS Irving 25' 3PT Jump Shot,,,,,4,202681,Kyrie Irving,1610612739.0,Cleveland,Cavaliers,CLE,0,0,,,,,,0,0,,,,,,0
0011300077,302,4,0,3,9:02 PM,10:49,Gee REBOUND (Off:1 Def:0),,,,,4,202087,Alonzo Gee,1610612739.0,Cleveland,Cavaliers,CLE,0,0,,,,,,0,0,,,,,,0
0011300077,303,1,1,3,9:02 PM,10:41,Waiters 20' Jump Shot (5 PTS),,,39 - 43,4,4,203079,Dion Waiters,1610612739.0,Cleveland,Cavaliers,CLE,0,0,,,,,,0,0,,,,,,0
0011300077,305,2,43,3,9:02 PM,10:21,,,MISS George 3' Alley Oop Layup,,,5,202331,Paul George,1610612754.0,Indiana,Pacers,IND,0,0,,,,,,0,0,,,,,,0
0011300077,306,4,0,3,9:02 PM,10:18,Thompson REBOUND (Off:2 Def:4),,,,,4,202684,Tristan Thompson,1610612739.0,Cleveland,Cavaliers,CLE,0,0,,,,,,0,0,,,,,,0
0011300077,307,5,1,3,9:02 PM,10:14,Waiters Bad Pass Turnover (P1.T11),,,,,4,203079,Dion Waiters,1610612739.0,Cleveland,Cavaliers,CLE,0,0,,,,,,0,0,,,,,,0
0011300077,308,2,1,3,9:03 PM,9:53,,,MISS George  3PT Jump Shot,,,5,202331,Paul George,1610612754.0,Indiana,Pacers,IND,0,0,,,,,,0,0,,,,,,0
0011300077,309,4,0,3,9:03 PM,9:51,Gee REBOUND (Off:1 Def:1),,,,,4,202087,Alonzo Gee,1610612739.0,Cleveland,Cavaliers,CLE,0,0,,,,,,0,0,,,,,,0
0011300077,310,2,1,3,9:03 PM,9:43,MISS Thompson 11' Jump Shot,,,,,4,202684,Tristan Thompson,1610612739.0,Cleveland,Cavaliers,CLE,0,0,,,,,,0,0,,,,,,0
0011300077,311,4,0,3,9:03 PM,9:43,,,West REBOUND (Off:0 Def:2),,,5,2561,David West,1610612754.0,Indiana,Pacers,IND,0,0,,,,,,0,0,,,,,,0
0011300077,312,6,1,3,9:03 PM,9:43,Varejao P.FOUL (P4.T2),,,,,4,2760,Anderson Varejao,1610612739.0,Cleveland,Cavaliers,CLE,5,2561,David West,1610612754.0,Indiana,Pacers,IND,1,0,,,,,,0
0011300077,313,6,1,3,9:04 PM,9:30,Irving P.FOUL (P2.T3),,,,,4,202681,Kyrie Irving,1610612739.0,Cleveland,Cavaliers,CLE,5,201588,George Hill,1610612754.0,Indiana,Pacers,IND,1,0,,,,,,0
0011300077,314,1,5,3,9:04 PM,9:16,,,Stephenson 1' Layup (6 PTS) (Hill 2 AST),41 - 43,2,5,202362,Lance Stephenson,1610612754.0,Indiana,Pacers,IND,5,201588,George Hill,1610612754.0,Indiana,Pacers,IND,0,0,,,,,,0
0011300077,315,2,46,3,9:04 PM,9:08,MISS Gee 10' Running Jump Shot,,,,,4,202087,Alonzo Gee,1610612739.0,Cleveland,Cavaliers,CLE,0,0,,,,,,0,0,,,,,,0
0011300077,316,4,0,3,9:04 PM,9:06,,,Hibbert REBOUND (Off:0 Def:3),,,5,201579,Roy Hibbert,1610612754.0,Indiana,Pacers,IND,0,0,,,,,,0,0,,,,,,0
0011300077,317,2,1,3,9:05 PM,8:57,,,MISS Stephenson 25' 3PT Jump Shot,,,5,202362,Lance Stephenson,1610612754.0,Indiana,Pacers,IND,0,0,,,,,,0,0,,,,,,0
0011300077,318,4,0,3,9:05 PM,8:56,Thompson REBOUND (Off:2 Def:5),,,,,4,202684,Tristan Thompson,1610612739.0,Cleveland,Cavaliers,CLE,0,0,,,,,,0,0,,,,,,0
0011300077,319,1,1,3,9:05 PM,8:43,Waiters 24' 3PT Jump Shot (8 PTS) (Gee 1 AST),,,41 - 46,5,4,203079,Dion Waiters,1610612739.0,Cleveland,Cavaliers,CLE,4,202087,Alonzo Gee,1610612739.0,Cleveland,Cavaliers,CLE,0,0,,,,,,0
0011300077,320,6,1,3,9:05 PM,8:30,Thompson P.FOUL (P3.T4),,,,,4,202684,Tristan Thompson,1610612739.0,Cleveland,Cavaliers,CLE,5,2561,David West,1610612754.0,Indiana,Pacers,IND,1,0,,,,,,0
0011300077,322,6,1,3,9:06 PM,8:25,Gee P.FOUL (P2.PN),,,,,4,202087,Alonzo Gee,1610612739.0,Cleveland,Cavaliers,CLE,5,201579,Roy Hibbert,1610612754.0,Indiana,Pacers,IND,1,0,,,,,,0
0011300077,323,3,11,3,9:06 PM,8:25,,,MISS Hibbert Free Throw 1 of 2,,,5,201579,Roy Hibbert,1610612754.0,Indiana,Pacers,IND,0,0,,,,,,0,0,,,,,,0
0011300077,324,4,1,3,9:06 PM,8:25,,,Pacers Rebound,,,3,1610612754,,,,,,0,0,,,,,,0,0,,,,,,0
0011300077,325,3,12,3,9:06 PM,8:25,,,Hibbert Free Throw 2 of 2 (5 PTS),42 - 46,4,5,201579,Roy Hibbert,1610612754.0,Indiana,Pacers,IND,0,0,,,,,,0,0,,,,,,0
0011300077,327,1,1,3,9:07 PM,8:10,Gee 13' Jump Shot (6 PTS) (Waiters 2 AST),,,42 - 48,6,4,202087,Alonzo Gee,1610612739.0,Cleveland,Cavaliers,CLE,4,203079,Dion Waiters,1610612739.0,Cleveland,Cavaliers,CLE,0,0,,,,,,0
0011300077,328,6,2,3,9:07 PM,8:06,Waiters S.FOUL (P2.PN),,,,,4,203079,Dion Waiters,1610612739.0,Cleveland,Cavaliers,CLE,5,202362,Lance Stephenson,1610612754.0,Indiana,Pacers,IND,1,0,,,,,,0
0011300077,329,3,11,3,9:07 PM,8:06,,,Stephenson Free Throw 1 of 2 (7 PTS),43 - 48,5,5,202362,Lance Stephenson,1610612754.0,Indiana,Pacers,IND,0,0,,,,,,0,0,,,,,,0
0011300077,331,3,12,3,9:07 PM,8:06,,,Stephenson Free Throw 2 of 2 (8 PTS),44 - 48,4,5,202362,Lance Stephenson,1610612754.0,Indiana,Pacers,IND,0,0,,,,,,0,0,,,,,,0
0011300077,333,2,80,3,9:08 PM,7:45,MISS Waiters 20' Step Back Jump Shot,,,,,4,203079,Dion Waiters,1610612739.0,Cleveland,Cavaliers,CLE,0,0,,,,,,0,0,,,,,,0
0011300077,334,4,0,3,9:08 PM,7:41,,,George REBOUND (Off:1 Def:4),,,5,202331,Paul George,1610612754.0,Indiana,Pacers,IND,0,0,,,,,,0,0,,,,,,0
0011300077,335,6,1,3,9:08 PM,7:40,Thompson P.FOUL (P4.PN),,,,,4,202684,Tristan Thompson,1610612739.0,Cleveland,Cavaliers,CLE,5,2561,David West,1610612754.0,Indiana,Pacers,IND,1,0,,,,,,0
0011300077,336,3,11,3,9:08 PM,7:40,,,MISS West Free Throw 1 of 2,,,5,2561,David West,1610612754.0,Indiana,Pacers,IND,0,0,,,,,,0,0,,,,,,0
0011300077,337,4,1,3,9:08 PM,7:40,,,Pacers Rebound,,,3,1610612754,,,,,,0,0,,,,,,0,0,,,,,,0
0011300077,338,3,12,3,9:08 PM,7:40,,,West Free Throw 2 of 2 (14 PTS),45 - 48,3,5,2561,David West,1610612754.0,Indiana,Pacers,IND,0,0,,,,,,0,0,,,,,,0
0011300077,340,2,1,3,9:09 PM,7:20,MISS Irving 4' Jump Shot,,George BLOCK (1 BLK),,,4,202681,Kyrie Irving,1610612739.0,Cleveland,Cavaliers,CLE,0,0,,,,,,5,202331,Paul George,1610612754.0,Indiana,Pacers,IND,0
0011300077,341,4,0,3,9:09 PM,7:18,,,Hill REBOUND (Off:0 Def:3),,,5,201588,George Hill,1610612754.0,Indiana,Pacers,IND,0,0,,,,,,0,0,,,,,,0
0011300077,342,1,49,3,9:09 PM,7:15,,,George  Driving Dunk (5 PTS) (Hill 3 AST),47 - 48,1,5,202331,Paul George,1610612754.0,Indiana,Pacers,IND,5,201588,George Hill,1610612754.0,Indiana,Pacers,IND,0,0,,,,,,0
0011300077,343,2,1,3,9:10 PM,6:52,MISS Irving 19' Jump Shot,,,,,4,202681,Kyrie Irving,1610612739.0,Cleveland,Cavaliers,CLE,0,0,,,,,,0,0,,,,,,0
0011300077,344,4,0,3,9:10 PM,6:50,,,Stephenson REBOUND (Off:0 Def:4),,,5,202362,Lance Stephenson,1610612754.0,Indiana,Pacers,IND,0,0,,,,,,0,0,,,,,,0
0011300077,345,6,1,3,9:10 PM,6:46,Irving P.FOUL (P3.PN),,,,,4,202681,Kyrie Irving,1610612739.0,Cleveland,Cavaliers,CLE,5,202362,Lance Stephenson,1610612754.0,Indiana,Pacers,IND,1,0,,,,,,0
0011300077,346,3,11,3,9:10 PM,6:46,,,MISS Stephenson Free Throw 1 of 2,,,5,202362,Lance Stephenson,1610612754.0,Indiana,Pacers,IND,0,0,,,,,,0,0,,,,,,0
0011300077,347,4,1,3,9:10 PM,6:46,,,Pacers Rebound,,,3,1610612754,,,,,,0,0,,,,,,0,0,,,,,,0
0011300077,349,3,12,3,9:11 PM,6:46,,,Stephenson Free Throw 2 of 2 (9 PTS),48 - 48,TIE,5,202362,Lance Stephenson,1610612754.0,Indiana,Pacers,IND,0,0,,,,,,0,0,,,,,,0
0011300077,352,2,5,3,9:12 PM,6:30,MISS Waiters 2' Layup,,Hibbert BLOCK (1 BLK),,,4,203079,Dion Waiters,1610612739.0,Cleveland,Cavaliers,CLE,0,0,,,,,,5,201579,Roy Hibbert,1610612754.0,Indiana,Pacers,IND,0
0011300077,353,4,0,3,9:12 PM,6:28,Varejao REBOUND (Off:5 Def:3),,,,,4,2760,Anderson Varejao,1610612739.0,Cleveland,Cavaliers,CLE,0,0,,,,,,0,0,,,,,,0
0011300077,354,2,1,3,9:12 PM,6:28,MISS Varejao 8' Jump Shot,,,,,4,2760,Anderson Varejao,1610612739.0,Cleveland,Cavaliers,CLE,0,0,,,,,,0,0,,,,,,0
0011300077,355,4,0,3,9:12 PM,6:28,Thompson REBOUND (Off:3 Def:5),,,,,4,202684,Tristan Thompson,1610612739.0,Cleveland,Cavaliers,CLE,0,0,,,,,,0,0,,,,,,0
0011300077,356,6,2,3,9:12 PM,6:28,,,Hill S.FOUL (P3.T2),,,5,201588,George Hill,1610612754.0,Indiana,Pacers,IND,4,202684,Tristan Thompson,1610612739.0,Cleveland,Cavaliers,CLE,1,0,,,,,,0
0011300077,357,3,11,3,9:12 PM,6:28,Thompson Free Throw 1 of 2 (10 PTS),,,48 - 49,1,4,202684,Tristan Thompson,1610612739.0,Cleveland,Cavaliers,CLE,0,0,,,,,,0,0,,,,,,0
0011300077,359,3,12,3,9:12 PM,6:28,Thompson Free Throw 2 of 2 (11 PTS),,,48 - 50,2,4,202684,Tristan Thompson,1610612739.0,Cleveland,Cavaliers,CLE,0,0,,,,,,0,0,,,,,,0
0011300077,362,2,47,3,9:13 PM,6:05,,,MISS West 8' Turnaround Jump Shot,,,5,2561,David West,1610612754.0,Indiana,Pacers,IND,0,0,,,,,,0,0,,,,,,0
0011300077,363,4,0,3,9:13 PM,6:05,,,Pacers Rebound,,,3,1610612754,,,,,,0,0,,,,,,0,0,,,,,,0
0011300077,364,6,3,3,9:13 PM,6:05,Thompson L.B.FOUL (P5.PN),,,,,4,202684,Tristan Thompson,1610612739.0,Cleveland,Cavaliers,CLE,5,201579,Roy Hibbert,1610612754.0,Indiana,Pacers,IND,1,0,,,,,,0
0011300077,365,3,11,3,9:13 PM,6:05,,,MISS Hibbert Free Throw 1 of 2,,,5,201579,Roy Hibbert,1610612754.0,Indiana,Pacers,IND,0,0,,,,,,0,0,,,,,,0
0011300077,366,4,1,3,9:13 PM,6:05,,,Pacers Rebound,,,3,1610612754,,,,,,0,0,,,,,,0,0,,,,,,0
0011300077,367,3,12,3,9:14 PM,6:05,,,Hibbert Free Throw 2 of 2 (6 PTS),49 - 50,1,5,201579,Roy Hibbert,1610612754.0,Indiana,Pacers,IND,0,0,,,,,,0,0,,,,,,0
0011300077,369,1,1,3,9:14 PM,5:48,Gee  3PT Jump Shot (9 PTS) (Irving 5 AST),,,49 - 53,4,4,202087,Alonzo Gee,1610612739.0,Cleveland,Cavaliers,CLE,4,202681,Kyrie Irving,1610612739.0,Cleveland,Cavaliers,CLE,0,0,,,,,,0
0011300077,370,6,4,3,9:14 PM,5:41,,,Hill OFF.Foul (P4),,,5,201588,George Hill,1610612754.0,Indiana,Pacers,IND,4,2760,Anderson Varejao,1610612739.0,Cleveland,Cavaliers,CLE,1,0,,,,,,0
0011300077,371,5,5,3,9:14 PM,5:41,,,Hill Foul Turnover (P3.T8),,,5,201588,George Hill,1610612754.0,Indiana,Pacers,IND,0,0,,,,,,1,0,,,,,,0
0011300077,372,9,1,3,9:15 PM,5:41,CAVALIERS Timeout: Regular (Full 3 Short 1),,,,,2,1610612739,,,,,,0,0,,,,,,0,0,,,,,,0
0011300077,374,8,0,3,9:17 PM,5:41,,,SUB: Scola FOR Hibbert,,,5,201579,Roy Hibbert,1610612754.0,Indiana,Pacers,IND,5,2449,Luis Scola,1610612754.0,Indiana,Pacers,IND,0,0,,,,,,0
0011300077,375,8,0,3,9:17 PM,5:41,,,SUB: Watson FOR Stephenson,,,5,202362,Lance Stephenson,1610612754.0,Indiana,Pacers,IND,5,201228,C.J. Watson,1610612754.0,Indiana,Pacers,IND,0,0,,,,,,0
0011300077,376,8,0,3,9:17 PM,5:41,,,SUB: Hill FOR Hill,,,5,201588,George Hill,1610612754.0,Indiana,Pacers,IND,5,203524,Solomon Hill,1610612754.0,Indiana,Pacers,IND,0,0,,,,,,0
0011300077,378,1,1,3,9:17 PM,5:28,Waiters 18' Jump Shot (10 PTS) (Varejao 3 AST),,,49 - 55,6,4,203079,Dion Waiters,1610612739.0,Cleveland,Cavaliers,CLE,4,2760,Anderson Varejao,1610612739.0,Cleveland,Cavaliers,CLE,0,0,,,,,,0
0011300077,379,2,1,3,9:18 PM,5:08,,,MISS Hill  3PT Jump Shot,,,5,203524,Solomon Hill,1610612754.0,Indiana,Pacers,IND,0,0,,,,,,0,0,,,,,,0
0011300077,380,4,0,3,9:18 PM,5:06,Gee REBOUND (Off:1 Def:2),,,,,4,202087,Alonzo Gee,1610612739.0,Cleveland,Cavaliers,CLE,0,0,,,,,,0,0,,,,,,0
0011300077,381,1,42,3,9:18 PM,4:59,Irving 1' Driving Layup (13 PTS),,,49 - 57,8,4,202681,Kyrie Irving,1610612739.0,Cleveland,Cavaliers,CLE,0,0,,,,,,0,0,,,,,,0
0011300077,382,6,1,3,9:18 PM,4:48,Gee P.FOUL (P3.PN),,,,,4,202087,Alonzo Gee,1610612739.0,Cleveland,Cavaliers,CLE,5,2449,Luis Scola,1610612754.0,Indiana,Pacers,IND,1,0,,,,,,0
0011300077,383,3,11,3,9:18 PM,4:48,,,Scola Free Throw 1 of 2 (5 PTS),50 - 57,7,5,2449,Luis Scola,1610612754.0,Indiana,Pacers,IND,0,0,,,,,,0,0,,,,,,0
0011300077,385,8,0,3,9:19 PM,4:48,SUB: Bennett FOR Thompson,,,,,4,202684,Tristan Thompson,1610612739.0,Cleveland,Cavaliers,CLE,4,203461,Anthony Bennett,1610612739.0,Cleveland,Cavaliers,CLE,0,0,,,,,,0
0011300077,386,3,12,3,9:19 PM,4:48,,,MISS Scola Free Throw 2 of 2,,,5,2449,Luis Scola,1610612754.0,Indiana,Pacers,IND,0,0,,,,,,0,0,,,,,,0
0011300077,388,4,0,3,9:19 PM,4:47,Irving REBOUND (Off:1 Def:4),,,,,4,202681,Kyrie Irving,1610612739.0,Cleveland,Cavaliers,CLE,0,0,,,,,,0,0,,,,,,0
0011300077,390,2,3,3,9:19 PM,4:26,MISS Bennett 6' Hook Shot,,,,,4,203461,Anthony Bennett,1610612739.0,Cleveland,Cavaliers,CLE,0,0,,,,,,0,0,,,,,,0
0011300077,391,4,0,3,9:19 PM,4:26,,,Pacers Rebound,,,3,1610612754,,,,,,0,0,,,,,,0,0,,,,,,0
0011300077,392,6,3,3,9:19 PM,4:26,Varejao L.B.FOUL (P5.PN),,,,,4,2760,Anderson Varejao,1610612739.0,Cleveland,Cavaliers,CLE,5,2561,David West,1610612754.0,Indiana,Pacers,IND,1,0,,,,,,0
0011300077,393,3,11,3,9:20 PM,4:26,,,West Free Throw 1 of 2 (15 PTS),51 - 57,6,5,2561,David West,1610612754.0,Indiana,Pacers,IND,0,0,,,,,,0,0,,,,,,0
0011300077,395,3,12,3,9:20 PM,4:26,,,MISS West Free Throw 2 of 2,,,5,2561,David West,1610612754.0,Indiana,Pacers,IND,0,0,,,,,,0,0,,,,,,0
0011300077,397,4,0,3,9:20 PM,4:23,Waiters REBOUND (Off:0 Def:2),,,,,4,203079,Dion Waiters,1610612739.0,Cleveland,Cavaliers,CLE,0,0,,,,,,0,0,,,,,,0
0011300077,398,7,5,3,9:20 PM,4:18,,,Watson Violation:Kicked Ball,,,5,201228,C.J. Watson,1610612754.0,Indiana,Pacers,IND,0,0,,,,,,0,0,,,,,,0
0011300077,399,2,5,3,9:21 PM,4:07,MISS Waiters 2' Layup,,West BLOCK (2 BLK),,,4,203079,Dion Waiters,1610612739.0,Cleveland,Cavaliers,CLE,0,0,,,,,,5,2561,David West,1610612754.0,Indiana,Pacers,IND,0
0011300077,400,4,0,3,9:21 PM,4:05,,,West REBOUND (Off:0 Def:3),,,5,2561,David West,1610612754.0,Indiana,Pacers,IND,0,0,,,,,,0,0,,,,,,0
0011300077,401,2,1,3,9:21 PM,4:00,,,MISS Watson 25' 3PT Jump Shot,,,5,201228,C.J. Watson,1610612754.0,Indiana,Pacers,IND,0,0,,,,,,0,0,,,,,,0
0011300077,402,4,0,3,9:21 PM,4:00,CAVALIERS Rebound,,,,,2,1610612739,,,,,,0,0,,,,,,0,0,,,,,,0
0011300077,403,2,5,3,9:21 PM,3:40,MISS Bennett 1' Layup,,,,,4,203461,Anthony Bennett,1610612739.0,Cleveland,Cavaliers,CLE,0,0,,,,,,0,0,,,,,,0
0011300077,404,4,0,3,9:21 PM,3:39,,,West REBOUND (Off:0 Def:4),,,5,2561,David West,1610612754.0,Indiana,Pacers,IND,0,0,,,,,,0,0,,,,,,0
0011300077,405,1,5,3,9:22 PM,3:36,,,George 1' Layup (7 PTS) (West 2 AST),53 - 57,4,5,202331,Paul George,1610612754.0,Indiana,Pacers,IND,5,2561,David West,1610612754.0,Indiana,Pacers,IND,0,0,,,,,,0
0011300077,406,6,2,3,9:22 PM,3:36,Irving S.FOUL (P4.PN),,,,,4,202681,Kyrie Irving,1610612739.0,Cleveland,Cavaliers,CLE,5,202331,Paul George,1610612754.0,Indiana,Pacers,IND,1,0,,,,,,0
0011300077,407,8,0,3,9:22 PM,3:36,SUB: Sims FOR Varejao,,,,,4,2760,Anderson Varejao,1610612739.0,Cleveland,Cavaliers,CLE,4,203156,Henry Sims,1610612739.0,Cleveland,Cavaliers,CLE,0,0,,,,,,0
0011300077,408,8,0,3,9:22 PM,3:36,SUB: Dellavedova FOR Waiters,,,,,4,203079,Dion Waiters,1610612739.0,Cleveland,Cavaliers,CLE,4,203521,Matthew Dellavedova,1610612739.0,Cleveland,Cavaliers,CLE,0,0,,,,,,0
0011300077,409,3,10,3,9:22 PM,3:36,,,MISS George Free Throw 1 of 1,,,5,202331,Paul George,1610612754.0,Indiana,Pacers,IND,0,0,,,,,,0,0,,,,,,0
0011300077,411,4,0,3,9:22 PM,3:36,Bennett REBOUND (Off:2 Def:4),,,,,4,203461,Anthony Bennett,1610612739.0,Cleveland,Cavaliers,CLE,0,0,,,,,,0,0,,,,,,0
0011300077,413,2,1,3,9:22 PM,3:25,MISS Irving 27' 3PT Jump Shot,,,,,4,202681,Kyrie Irving,1610612739.0,Cleveland,Cavaliers,CLE,0,0,,,,,,0,0,,,,,,0
0011300077,414,4,0,3,9:22 PM,3:24,,,Hill REBOUND (Off:0 Def:3),,,5,203524,Solomon Hill,1610612754.0,Indiana,Pacers,IND,0,0,,,,,,0,0,,,,,,0
0011300077,415,2,1,3,9:23 PM,3:13,,,MISS George 18' Jump Shot,,,5,202331,Paul George,1610612754.0,Indiana,Pacers,IND,0,0,,,,,,0,0,,,,,,0
0011300077,416,4,0,3,9:23 PM,3:11,Sims REBOUND (Off:0 Def:3),,,,,4,203156,Henry Sims,1610612739.0,Cleveland,Cavaliers,CLE,0,0,,,,,,0,0,,,,,,0
0011300077,418,5,1,3,9:23 PM,3:10,Sims Bad Pass Turnover (P1.T12),,George STEAL (1 STL),,,4,203156,Henry Sims,1610612739.0,Cleveland,Cavaliers,CLE,5,202331,Paul George,1610612754.0,Indiana,Pacers,IND,0,0,,,,,,0
0011300077,424,5,41,3,9:23 PM,3:09,Irving STEAL (1 STL),,George Poss Lost Ball Turnover (P3.T9),,,5,202331,Paul George,1610612754.0,Indiana,Pacers,IND,4,202681,Kyrie Irving,1610612739.0,Cleveland,Cavaliers,CLE,0,0,,,,,,0
0011300077,417,6,2,3,9:23 PM,3:08,,,West S.FOUL (P2.T3),,,5,2561,David West,1610612754.0,Indiana,Pacers,IND,4,202681,Kyrie Irving,1610612739.0,Cleveland,Cavaliers,CLE,1,0,,,,,,0
0011300077,419,3,11,3,9:23 PM,3:08,Irving Free Throw 1 of 2 (14 PTS),,,53 - 58,5,4,202681,Kyrie Irving,1610612739.0,Cleveland,Cavaliers,CLE,0,0,,,,,,0,0,,,,,,0
0011300077,421,8,0,3,9:23 PM,3:08,SUB: Clark FOR Gee,,,,,4,202087,Alonzo Gee,1610612739.0,Cleveland,Cavaliers,CLE,4,201947,Earl Clark,1610612739.0,Cleveland,Cavaliers,CLE,0,0,,,,,,0
0011300077,422,3,12,3,9:23 PM,3:08,Irving Free Throw 2 of 2 (15 PTS),,,53 - 59,6,4,202681,Kyrie Irving,1610612739.0,Cleveland,Cavaliers,CLE,0,0,,,,,,0,0,,,,,,0
0011300077,426,1,1,3,9:24 PM,2:53,,,Watson 11' Jump Shot (4 PTS) (George 3 AST),55 - 59,4,5,201228,C.J. Watson,1610612754.0,Indiana,Pacers,IND,5,202331,Paul George,1610612754.0,Indiana,Pacers,IND,0,0,,,,,,0
0011300077,427,6,3,3,9:24 PM,2:53,Irving L.B.FOUL (P5.PN),,,,,4,202681,Kyrie Irving,1610612739.0,Cleveland,Cavaliers,CLE,5,2449,Luis Scola,1610612754.0,Indiana,Pacers,IND,1,0,,,,,,0
0011300077,428,9,1,3,9:24 PM,2:53,,,Pacers Timeout: Regular (Reg.3 Short 0),,,3,1610612754,,,,,,0,0,,,,,,0,0,,,,,,0
0011300077,430,8,0,3,9:26 PM,2:53,SUB: Karasev FOR Irving,,,,,4,202681,Kyrie Irving,1610612739.0,Cleveland,Cavaliers,CLE,4,203508,Sergey Karasev,1610612739.0,Cleveland,Cavaliers,CLE,0,0,,,,,,0
0011300077,432,3,10,3,9:26 PM,2:53,,,Scola Free Throw 1 of 1 (6 PTS),56 - 59,3,5,2449,Luis Scola,1610612754.0,Indiana,Pacers,IND,0,0,,,,,,0,0,,,,,,0
0011300077,434,6,2,3,9:27 PM,2:49,,,George S.FOUL (P3.T4),,,5,202331,Paul George,1610612754.0,Indiana,Pacers,IND,4,203508,Sergey Karasev,1610612739.0,Cleveland,Cavaliers,CLE,1,0,,,,,,0
0011300077,435,3,11,3,9:27 PM,2:49,MISS Karasev Free Throw 1 of 2,,,,,4,203508,Sergey Karasev,1610612739.0,Cleveland,Cavaliers,CLE,0,0,,,,,,0,0,,,,,,0
0011300077,436,4,1,3,9:27 PM,2:49,CAVALIERS Rebound,,,,,2,1610612739,,,,,,0,0,,,,,,0,0,,,,,,0
0011300077,437,3,12,3,9:27 PM,2:49,Karasev Free Throw 2 of 2 (3 PTS),,,56 - 60,4,4,203508,Sergey Karasev,1610612739.0,Cleveland,Cavaliers,CLE,0,0,,,,,,0,0,,,,,,0
0011300077,439,1,5,3,9:28 PM,2:30,,,Scola 1' Layup (8 PTS) (West 3 AST),58 - 60,2,5,2449,Luis Scola,1610612754.0,Indiana,Pacers,IND,5,2561,David West,1610612754.0,Indiana,Pacers,IND,0,0,,,,,,0
0011300077,440,1,46,3,9:28 PM,2:11,Dellavedova 6' Running Jump Shot (2 PTS),,,58 - 62,4,4,203521,Matthew Dellavedova,1610612739.0,Cleveland,Cavaliers,CLE,0,0,,,,,,0,0,,,,,,0
0011300077,442,1,5,3,9:28 PM,1:58,,,Hill 1' Layup (2 PTS) (Watson 3 AST),60 - 62,2,5,203524,Solomon Hill,1610612754.0,Indiana,Pacers,IND,5,201228,C.J. Watson,1610612754.0,Indiana,Pacers,IND,0,0,,,,,,0
0011300077,444,2,5,3,9:29 PM,1:36,MISS Sims 2' Layup,,West BLOCK (3 BLK),,,4,203156,Henry Sims,1610612739.0,Cleveland,Cavaliers,CLE,0,0,,,,,,5,2561,David West,1610612754.0,Indiana,Pacers,IND,0
0011300077,445,4,0,3,9:29 PM,1:36,,,West REBOUND (Off:0 Def:5),,,5,2561,David West,1610612754.0,Indiana,Pacers,IND,0,0,,,,,,0,0,,,,,,0
0011300077,447,6,1,3,9:29 PM,1:36,Sims P.FOUL (P1.PN),,,,,4,203156,Henry Sims,1610612739.0,Cleveland,Cavaliers,CLE,5,2561,David West,1610612754.0,Indiana,Pacers,IND,1,0,,,,,,0
0011300077,449,3,11,3,9:29 PM,1:36,,,MISS West Free Throw 1 of 2,,,5,2561,David West,1610612754.0,Indiana,Pacers,IND,0,0,,,,,,0,0,,,,,,0
0011300077,450,4,1,3,9:29 PM,1:36,,,Pacers Rebound,,,3,1610612754,,,,,,0,0,,,,,,0,0,,,,,,0
0011300077,451,3,12,3,9:29 PM,1:36,,,West Free Throw 2 of 2 (16 PTS),61 - 62,1,5,2561,David West,1610612754.0,Indiana,Pacers,IND,0,0,,,,,,0,0,,,,,,0
0011300077,453,5,1,3,9:30 PM,1:28,Bennett Bad Pass Turnover (P4.T13),,George STEAL (2 STL),,,4,203461,Anthony Bennett,1610612739.0,Cleveland,Cavaliers,CLE,5,202331,Paul George,1610612754.0,Indiana,Pacers,IND,0,0,,,,,,0
0011300077,454,1,5,3,9:30 PM,1:25,,,Scola 1' Layup (10 PTS) (George 4 AST),63 - 62,-1,5,2449,Luis Scola,1610612754.0,Indiana,Pacers,IND,5,202331,Paul George,1610612754.0,Indiana,Pacers,IND,0,0,,,,,,0
0011300077,455,6,2,3,9:30 PM,1:25,Bennett S.FOUL (P2.PN),,,,,4,203461,Anthony Bennett,1610612739.0,Cleveland,Cavaliers,CLE,5,2449,Luis Scola,1610612754.0,Indiana,Pacers,IND,1,0,,,,,,0
0011300077,456,3,10,3,9:30 PM,1:25,,,MISS Scola Free Throw 1 of 1,,,5,2449,Luis Scola,1610612754.0,Indiana,Pacers,IND,0,0,,,,,,0,0,,,,,,0
0011300077,458,4,0,3,9:30 PM,1:24,Karasev REBOUND (Off:1 Def:2),,,,,4,203508,Sergey Karasev,1610612739.0,Cleveland,Cavaliers,CLE,0,0,,,,,,0,0,,,,,,0
0011300077,459,5,1,3,9:30 PM,1:17,Karasev Bad Pass Turnover (P1.T14),,George STEAL (3 STL),,,4,203508,Sergey Karasev,1610612739.0,Cleveland,Cavaliers,CLE,5,202331,Paul George,1610612754.0,Indiana,Pacers,IND,0,0,,,,,,0
0011300077,460,6,2,3,9:30 PM,1:15,Karasev S.FOUL (P1.PN),,,,,4,203508,Sergey Karasev,1610612739.0,Cleveland,Cavaliers,CLE,5,202331,Paul George,1610612754.0,Indiana,Pacers,IND,1,0,,,,,,0
0011300077,461,3,11,3,9:31 PM,1:15,,,George Free Throw 1 of 2 (8 PTS),64 - 62,-2,5,202331,Paul George,1610612754.0,Indiana,Pacers,IND,0,0,,,,,,0,0,,,,,,0
0011300077,463,3,12,3,9:31 PM,1:15,,,George Free Throw 2 of 2 (9 PTS),65 - 62,-3,5,202331,Paul George,1610612754.0,Indiana,Pacers,IND,0,0,,,,,,0,0,,,,,,0
0011300077,466,2,1,3,9:31 PM,1:03,MISS Bennett 25' 3PT Jump Shot,,,,,4,203461,Anthony Bennett,1610612739.0,Cleveland,Cavaliers,CLE,0,0,,,,,,0,0,,,,,,0
0011300077,467,4,0,3,9:31 PM,1:01,,,George REBOUND (Off:1 Def:5),,,5,202331,Paul George,1610612754.0,Indiana,Pacers,IND,0,0,,,,,,0,0,,,,,,0
0011300077,469,6,1,3,9:32 PM,0:57,Sims P.FOUL (P2.PN),,,,,4,203156,Henry Sims,1610612739.0,Cleveland,Cavaliers,CLE,5,2561,David West,1610612754.0,Indiana,Pacers,IND,1,0,,,,,,0
0011300077,470,3,11,3,9:32 PM,0:57,,,West Free Throw 1 of 2 (17 PTS),66 - 62,-4,5,2561,David West,1610612754.0,Indiana,Pacers,IND,0,0,,,,,,0,0,,,,,,0
0011300077,472,3,12,3,9:32 PM,0:57,,,MISS West Free Throw 2 of 2,,,5,2561,David West,1610612754.0,Indiana,Pacers,IND,0,0,,,,,,0,0,,,,,,0
0011300077,474,4,0,3,9:32 PM,0:56,Bennett REBOUND (Off:2 Def:5),,,,,4,203461,Anthony Bennett,1610612739.0,Cleveland,Cavaliers,CLE,0,0,,,,,,0,0,,,,,,0
0011300077,475,6,17,3,9:32 PM,0:46,,,Pacers T.Foul (Def. 3 Sec West ),,,5,2561,David West,1610612754.0,Indiana,Pacers,IND,0,0,,,,,,1,0,,,,,,0
0011300077,476,3,16,3,9:33 PM,0:46,Karasev Free Throw Technical (4 PTS),,,66 - 63,-3,4,203508,Sergey Karasev,1610612739.0,Cleveland,Cavaliers,CLE,0,0,,,,,,0,0,,,,,,0
0011300077,479,5,41,3,9:33 PM,0:39,Sims Poss Lost Ball Turnover (P2.T15),,,,,4,203156,Henry Sims,1610612739.0,Cleveland,Cavaliers,CLE,0,0,,,,,,0,0,,,,,,0
0011300077,480,1,42,3,9:33 PM,0:28,,,West 1' Driving Layup (19 PTS),68 - 63,-5,5,2561,David West,1610612754.0,Indiana,Pacers,IND,0,0,,,,,,0,0,,,,,,0
0011300077,481,6,2,3,9:33 PM,0:28,Sims S.FOUL (P3.PN),,,,,4,203156,Henry Sims,1610612739.0,Cleveland,Cavaliers,CLE,5,2561,David West,1610612754.0,Indiana,Pacers,IND,1,0,,,,,,0
0011300077,482,8,0,3,9:34 PM,0:28,SUB: Kadji FOR Sims,,,,,4,203156,Henry Sims,1610612739.0,Cleveland,Cavaliers,CLE,4,203483,Kenny Kadji,1610612739.0,Cleveland,Cavaliers,CLE,0,0,,,,,,0
0011300077,483,3,10,3,9:34 PM,0:28,,,West Free Throw 1 of 1 (20 PTS),69 - 63,-6,5,2561,David West,1610612754.0,Indiana,Pacers,IND,0,0,,,,,,0,0,,,,,,0
0011300077,485,6,2,3,9:34 PM,0:18,,,West S.FOUL (P3.PN),,,5,2561,David West,1610612754.0,Indiana,Pacers,IND,4,203461,Anthony Bennett,1610612739.0,Cleveland,Cavaliers,CLE,1,0,,,,,,0
0011300077,486,3,11,3,9:35 PM,0:18,Bennett Free Throw 1 of 2 (5 PTS),,,69 - 64,-5,4,203461,Anthony Bennett,1610612739.0,Cleveland,Cavaliers,CLE,0,0,,,,,,0,0,,,,,,0
0011300077,488,8,0,3,9:35 PM,0:18,SUB: Sims FOR Kadji,,,,,4,203483,Kenny Kadji,1610612739.0,Cleveland,Cavaliers,CLE,4,203156,Henry Sims,1610612739.0,Cleveland,Cavaliers,CLE,0,0,,,,,,0
0011300077,489,3,12,3,9:35 PM,0:18,Bennett Free Throw 2 of 2 (6 PTS),,,69 - 65,-4,4,203461,Anthony Bennett,1610612739.0,Cleveland,Cavaliers,CLE,0,0,,,,,,0,0,,,,,,0
0011300077,492,5,2,3,9:35 PM,0:01,Sims STEAL (1 STL),,George Lost Ball Turnover (P4.T10),,,5,202331,Paul George,1610612754.0,Indiana,Pacers,IND,4,203156,Henry Sims,1610612739.0,Cleveland,Cavaliers,CLE,0,0,,,,,,0
0011300077,493,2,1,3,9:35 PM,0:00,MISS Dellavedova 48' 3PT Jump Shot,,,,,4,203521,Matthew Dellavedova,1610612739.0,Cleveland,Cavaliers,CLE,0,0,,,,,,0,0,,,,,,0
0011300077,494,4,0,3,9:36 PM,0:00,CAVALIERS Rebound,,,,,2,1610612739,,,,,,0,0,,,,,,0,0,,,,,,0
0011300077,495,13,0,3,9:36 PM,0:00,,End of 3rd Period (9:36 PM EST),,69 - 65,-4,0,0,,,,,,0,0,,,,,,0,0,,,,,,0
0011300077,497,12,0,4,9:38 PM,12:00,,Start of 4th Period (9:38 PM EST),,69 - 65,-4,0,0,,,,,,0,0,,,,,,0,0,,,,,,0
0011300077,498,1,42,4,9:39 PM,11:42,,,Watson 1' Driving Layup (6 PTS) (Stephenson 2 AST),71 - 65,-6,5,201228,C.J. Watson,1610612754.0,Indiana,Pacers,IND,5,202362,Lance Stephenson,1610612754.0,Indiana,Pacers,IND,0,0,,,,,,0
0011300077,499,1,1,4,9:39 PM,11:21,Clark 19' Jump Shot (4 PTS) (Dellavedova 5 AST),,,71 - 67,-4,4,201947,Earl Clark,1610612739.0,Cleveland,Cavaliers,CLE,4,203521,Matthew Dellavedova,1610612739.0,Cleveland,Cavaliers,CLE,0,0,,,,,,0
0011300077,500,1,1,4,9:39 PM,11:00,,,Stephenson 18' Jump Shot (11 PTS),73 - 67,-6,5,202362,Lance Stephenson,1610612754.0,Indiana,Pacers,IND,0,0,,,,,,0,0,,,,,,0
0011300077,501,2,1,4,9:40 PM,10:46,MISS Clark 16' Jump Shot,,,,,4,201947,Earl Clark,1610612739.0,Cleveland,Cavaliers,CLE,0,0,,,,,,0,0,,,,,,0
0011300077,502,4,0,4,9:40 PM,10:46,,,Pacers Rebound,,,3,1610612754,,,,,,0,0,,,,,,0,0,,,,,,0
0011300077,503,6,1,4,9:40 PM,10:46,Sims P.FOUL (P4.T1),,,,,4,203156,Henry Sims,1610612739.0,Cleveland,Cavaliers,CLE,5,2449,Luis Scola,1610612754.0,Indiana,Pacers,IND,1,0,,,,,,0
0011300077,504,2,1,4,9:40 PM,10:30,,,MISS Copeland 25' 3PT Jump Shot,,,5,203142,Chris Copeland,1610612754.0,Indiana,Pacers,IND,0,0,,,,,,0,0,,,,,,0
0011300077,505,4,0,4,9:40 PM,10:29,Sims REBOUND (Off:0 Def:4),,,,,4,203156,Henry Sims,1610612739.0,Cleveland,Cavaliers,CLE,0,0,,,,,,0,0,,,,,,0
0011300077,506,5,1,4,9:40 PM,10:14,Karasev Bad Pass Turnover (P2.T16),,Hill STEAL (1 STL),,,4,203508,Sergey Karasev,1610612739.0,Cleveland,Cavaliers,CLE,5,203524,Solomon Hill,1610612754.0,Indiana,Pacers,IND,0,0,,,,,,0
0011300077,507,1,5,4,9:40 PM,10:09,,,Watson 1' Layup (8 PTS) (Hill 2 AST),75 - 67,-8,5,201228,C.J. Watson,1610612754.0,Indiana,Pacers,IND,5,203524,Solomon Hill,1610612754.0,Indiana,Pacers,IND,0,0,,,,,,0
0011300077,509,9,1,4,9:41 PM,10:09,CAVALIERS Timeout: Regular (Full 4 Short 1),,,,,2,1610612739,,,,,,0,0,,,,,,0,0,,,,,,0
0011300077,512,2,1,4,9:43 PM,9:50,MISS Bennett 5' Jump Shot,,Copeland BLOCK (1 BLK),,,4,203461,Anthony Bennett,1610612739.0,Cleveland,Cavaliers,CLE,0,0,,,,,,5,203142,Chris Copeland,1610612754.0,Indiana,Pacers,IND,0
0011300077,513,4,0,4,9:43 PM,9:47,,,Scola REBOUND (Off:0 Def:1),,,5,2449,Luis Scola,1610612754.0,Indiana,Pacers,IND,0,0,,,,,,0,0,,,,,,0
0011300077,514,2,1,4,9:43 PM,9:38,,,MISS Hill 25' 3PT Jump Shot,,,5,203524,Solomon Hill,1610612754.0,Indiana,Pacers,IND,0,0,,,,,,0,0,,,,,,0
0011300077,515,4,0,4,9:43 PM,9:37,,,Watson REBOUND (Off:1 Def:1),,,5,201228,C.J. Watson,1610612754.0,Indiana,Pacers,IND,0,0,,,,,,0,0,,,,,,0
0011300077,516,1,71,4,9:44 PM,9:34,,,Scola 3' Finger Roll Layup (12 PTS) (Copeland 2 AST),77 - 67,-10,5,2449,Luis Scola,1610612754.0,Indiana,Pacers,IND,5,203142,Chris Copeland,1610612754.0,Indiana,Pacers,IND,0,0,,,,,,0
0011300077,517,6,2,4,9:44 PM,9:34,Sims S.FOUL (P5.T2),,,,,4,203156,Henry Sims,1610612739.0,Cleveland,Cavaliers,CLE,5,2449,Luis Scola,1610612754.0,Indiana,Pacers,IND,1,0,,,,,,0
0011300077,518,3,10,4,9:44 PM,9:34,,,Scola Free Throw 1 of 1 (13 PTS),78 - 67,-11,5,2449,Luis Scola,1610612754.0,Indiana,Pacers,IND,0,0,,,,,,0,0,,,,,,0
0011300077,520,5,2,4,9:44 PM,9:22,Karasev Lost Ball Turnover (P3.T17),,Hill STEAL (2 STL),,,4,203508,Sergey Karasev,1610612739.0,Cleveland,Cavaliers,CLE,5,203524,Solomon Hill,1610612754.0,Indiana,Pacers,IND,0,0,,,,,,0
0011300077,521,1,7,4,9:44 PM,9:18,,,Hill 1' Dunk (4 PTS),80 - 67,-13,5,203524,Solomon Hill,1610612754.0,Indiana,Pacers,IND,0,0,,,,,,0,0,,,,,,0
0011300077,522,2,1,4,9:45 PM,8:58,MISS Clark 13' Jump Shot,,,,,4,201947,Earl Clark,1610612739.0,Cleveland,Cavaliers,CLE,0,0,,,,,,0,0,,,,,,0
0011300077,523,4,0,4,9:45 PM,8:57,,,Scola REBOUND (Off:0 Def:2),,,5,2449,Luis Scola,1610612754.0,Indiana,Pacers,IND,0,0,,,,,,0,0,,,,,,0
0011300077,524,2,5,4,9:45 PM,8:53,Clark BLOCK (2 BLK),,MISS Copeland 2' Layup,,,5,203142,Chris Copeland,1610612754.0,Indiana,Pacers,IND,0,0,,,,,,4,201947,Earl Clark,1610612739.0,Cleveland,Cavaliers,CLE,0
0011300077,525,4,0,4,9:45 PM,8:53,,,Pacers Rebound,,,3,1610612754,,,,,,0,0,,,,,,0,0,,,,,,0
0011300077,526,6,3,4,9:45 PM,8:53,Dellavedova L.B.FOUL (P1.T3),,,,,4,203521,Matthew Dellavedova,1610612739.0,Cleveland,Cavaliers,CLE,5,2449,Luis Scola,1610612754.0,Indiana,Pacers,IND,1,0,,,,,,0
0011300077,527,8,0,4,9:45 PM,8:53,SUB: Taylor FOR Karasev,,,,,4,203508,Sergey Karasev,1610612739.0,Cleveland,Cavaliers,CLE,4,201966,Jermaine Taylor,1610612739.0,Cleveland,Cavaliers,CLE,0,0,,,,,,0
0011300077,528,1,1,4,9:45 PM,8:43,,,Watson 25' 3PT Jump Shot (11 PTS) (Hill 3 AST),83 - 67,-16,5,201228,C.J. Watson,1610612754.0,Indiana,Pacers,IND,5,203524,Solomon Hill,1610612754.0,Indiana,Pacers,IND,0,0,,,,,,0
0011300077,529,6,29,4,9:46 PM,8:29,,,Copeland Shooting Block Foul (P4.T1),,,5,203142,Chris Copeland,1610612754.0,Indiana,Pacers,IND,4,203156,Henry Sims,1610612739.0,Cleveland,Cavaliers,CLE,1,0,,,,,,0
0011300077,530,3,11,4,9:46 PM,8:29,Sims Free Throw 1 of 2 (1 PTS),,,83 - 68,-15,4,203156,Henry Sims,1610612739.0,Cleveland,Cavaliers,CLE,0,0,,,,,,0,0,,,,,,0
0011300077,532,8,0,4,9:46 PM,8:29,SUB: Karasev FOR Taylor,,,,,4,201966,Jermaine Taylor,1610612739.0,Cleveland,Cavaliers,CLE,4,203508,Sergey Karasev,1610612739.0,Cleveland,Cavaliers,CLE,0,0,,,,,,0
0011300077,533,3,12,4,9:46 PM,8:29,MISS Sims Free Throw 2 of 2,,,,,4,203156,Henry Sims,1610612739.0,Cleveland,Cavaliers,CLE,0,0,,,,,,0,0,,,,,,0
0011300077,535,4,0,4,9:46 PM,8:29,,,Watson REBOUND (Off:1 Def:2),,,5,201228,C.J. Watson,1610612754.0,Indiana,Pacers,IND,0,0,,,,,,0,0,,,,,,0
0011300077,537,1,1,4,9:47 PM,8:14,,,Stephenson 22' Jump Shot (13 PTS) (Copeland 3 AST),85 - 68,-17,5,202362,Lance Stephenson,1610612754.0,Indiana,Pacers,IND,5,203142,Chris Copeland,1610612754.0,Indiana,Pacers,IND,0,0,,,,,,0
0011300077,538,6,1,4,9:47 PM,7:59,,,Scola P.FOUL (P2.T2),,,5,2449,Luis Scola,1610612754.0,Indiana,Pacers,IND,4,203521,Matthew Dellavedova,1610612739.0,Cleveland,Cavaliers,CLE,1,0,,,,,,0
0011300077,539,8,0,4,9:47 PM,7:59,,,SUB: Butler FOR Stephenson,,,5,202362,Lance Stephenson,1610612754.0,Indiana,Pacers,IND,5,2446,Rasual Butler,1610612754.0,Indiana,Pacers,IND,0,0,,,,,,0
0011300077,541,2,1,4,9:48 PM,7:49,MISS Karasev 25' 3PT Jump Shot,,,,,4,203508,Sergey Karasev,1610612739.0,Cleveland,Cavaliers,CLE,0,0,,,,,,0,0,,,,,,0
0011300077,542,4,0,4,9:48 PM,7:48,,,Butler REBOUND (Off:0 Def:1),,,5,2446,Rasual Butler,1610612754.0,Indiana,Pacers,IND,0,0,,,,,,0,0,,,,,,0
0011300077,543,2,1,4,9:48 PM,7:33,,,MISS Copeland 25' 3PT Jump Shot,,,5,203142,Chris Copeland,1610612754.0,Indiana,Pacers,IND,0,0,,,,,,0,0,,,,,,0
0011300077,544,4,0,4,9:48 PM,7:32,Sims REBOUND (Off:0 Def:5),,,,,4,203156,Henry Sims,1610612739.0,Cleveland,Cavaliers,CLE,0,0,,,,,,0,0,,,,,,0
0011300077,545,5,4,4,9:48 PM,7:32,Karasev Traveling Turnover (P4.T18),,,,,4,203508,Sergey Karasev,1610612739.0,Cleveland,Cavaliers,CLE,0,0,,,,,,1,0,,,,,,0
0011300077,546,2,1,4,9:48 PM,7:16,,,MISS Watson 25' 3PT Jump Shot,,,5,201228,C.J. Watson,1610612754.0,Indiana,Pacers,IND,0,0,,,,,,0,0,,,,,,0
0011300077,547,4,0,4,9:48 PM,7:15,Karasev REBOUND (Off:1 Def:3),,,,,4,203508,Sergey Karasev,1610612739.0,Cleveland,Cavaliers,CLE,0,0,,,,,,0,0,,,,,,0
0011300077,548,6,4,4,9:49 PM,7:14,Bennett OFF.Foul (P3),,,,,4,203461,Anthony Bennett,1610612739.0,Cleveland,Cavaliers,CLE,5,201228,C.J. Watson,1610612754.0,Indiana,Pacers,IND,1,0,,,,,,0
0011300077,549,5,5,4,9:49 PM,7:14,Bennett Foul Turnover (P5.T19),,,,,4,203461,Anthony Bennett,1610612739.0,Cleveland,Cavaliers,CLE,0,0,,,,,,1,0,,,,,,0
0011300077,550,6,1,4,9:49 PM,7:05,Sims P.FOUL (P6.T4),,,,,4,203156,Henry Sims,1610612739.0,Cleveland,Cavaliers,CLE,5,2449,Luis Scola,1610612754.0,Indiana,Pacers,IND,1,0,,,,,,0
0011300077,551,8,0,4,9:49 PM,7:05,SUB: Taylor FOR Clark,,,,,4,201947,Earl Clark,1610612739.0,Cleveland,Cavaliers,CLE,4,201966,Jermaine Taylor,1610612739.0,Cleveland,Cavaliers,CLE,0,0,,,,,,0
0011300077,552,8,0,4,9:49 PM,7:05,SUB: Kadji FOR Sims,,,,,4,203156,Henry Sims,1610612739.0,Cleveland,Cavaliers,CLE,4,203483,Kenny Kadji,1610612739.0,Cleveland,Cavaliers,CLE,0,0,,,,,,0
0011300077,553,1,1,4,9:50 PM,6:55,,,Watson 25' 3PT Jump Shot (14 PTS) (Hill 4 AST),88 - 68,-20,5,201228,C.J. Watson,1610612754.0,Indiana,Pacers,IND,5,203524,Solomon Hill,1610612754.0,Indiana,Pacers,IND,0,0,,,,,,0
0011300077,554,2,5,4,9:50 PM,6:38,MISS Kadji  Layup,,,,,4,203483,Kenny Kadji,1610612739.0,Cleveland,Cavaliers,CLE,0,0,,,,,,0,0,,,,,,0
0011300077,555,4,0,4,9:50 PM,6:37,Bennett REBOUND (Off:3 Def:5),,,,,4,203461,Anthony Bennett,1610612739.0,Cleveland,Cavaliers,CLE,0,0,,,,,,0,0,,,,,,0
0011300077,556,6,2,4,9:50 PM,6:37,,,Hill S.FOUL (P1.T3),,,5,203524,Solomon Hill,1610612754.0,Indiana,Pacers,IND,4,203461,Anthony Bennett,1610612739.0,Cleveland,Cavaliers,CLE,1,0,,,,,,0
0011300077,557,3,11,4,9:50 PM,6:37,Bennett Free Throw 1 of 2 (7 PTS),,,88 - 69,-19,4,203461,Anthony Bennett,1610612739.0,Cleveland,Cavaliers,CLE,0,0,,,,,,0,0,,,,,,0
0011300077,559,8,0,4,9:50 PM,6:37,,,SUB: Armstrong FOR Scola,,,5,2449,Luis Scola,1610612754.0,Indiana,Pacers,IND,5,200756,Hilton Armstrong,1610612754.0,Indiana,Pacers,IND,0,0,,,,,,0
0011300077,560,8,0,4,9:50 PM,6:37,,,SUB: Sloan FOR Watson,,,5,201228,C.J. Watson,1610612754.0,Indiana,Pacers,IND,5,202388,Donald Sloan,1610612754.0,Indiana,Pacers,IND,0,0,,,,,,0
0011300077,561,3,12,4,9:51 PM,6:37,Bennett Free Throw 2 of 2 (8 PTS),,,88 - 70,-18,4,203461,Anthony Bennett,1610612739.0,Cleveland,Cavaliers,CLE,0,0,,,,,,0,0,,,,,,0
0011300077,564,2,44,4,9:51 PM,6:12,,,MISS Copeland  Reverse Layup,,,5,203142,Chris Copeland,1610612754.0,Indiana,Pacers,IND,0,0,,,,,,0,0,,,,,,0
0011300077,565,4,0,4,9:51 PM,6:09,Bennett REBOUND (Off:3 Def:6),,,,,4,203461,Anthony Bennett,1610612739.0,Cleveland,Cavaliers,CLE,0,0,,,,,,0,0,,,,,,0
0011300077,566,6,2,4,9:51 PM,6:03,,,Butler S.FOUL (P2.T4),,,5,2446,Rasual Butler,1610612754.0,Indiana,Pacers,IND,4,203461,Anthony Bennett,1610612739.0,Cleveland,Cavaliers,CLE,1,0,,,,,,0
0011300077,567,3,11,4,9:52 PM,6:03,Bennett Free Throw 1 of 2 (9 PTS),,,88 - 71,-17,4,203461,Anthony Bennett,1610612739.0,Cleveland,Cavaliers,CLE,0,0,,,,,,0,0,,,,,,0
0011300077,569,3,12,4,9:52 PM,6:03,MISS Bennett Free Throw 2 of 2,,,,,4,203461,Anthony Bennett,1610612739.0,Cleveland,Cavaliers,CLE,0,0,,,,,,0,0,,,,,,0
0011300077,571,4,0,4,9:52 PM,6:03,,,Armstrong REBOUND (Off:0 Def:1),,,5,200756,Hilton Armstrong,1610612754.0,Indiana,Pacers,IND,0,0,,,,,,0,0,,,,,,0
0011300077,572,5,4,4,9:52 PM,5:50,,,Copeland Traveling Turnover (P1.T11),,,5,203142,Chris Copeland,1610612754.0,Indiana,Pacers,IND,0,0,,,,,,1,0,,,,,,0
0011300077,573,9,4,4,9:52 PM,5:50,,Timeout: Official,,,,1,0,,,,,,0,0,,,,,,0,0,,,,,,0
0011300077,577,2,1,4,9:55 PM,5:37,MISS Taylor 17' Jump Shot,,,,,4,201966,Jermaine Taylor,1610612739.0,Cleveland,Cavaliers,CLE,0,0,,,,,,0,0,,,,,,0
0011300077,578,4,0,4,9:55 PM,5:37,CAVALIERS Rebound,,,,,2,1610612739,,,,,,0,0,,,,,,0,0,,,,,,0
0011300077,579,6,3,4,9:55 PM,5:37,,,Armstrong L.B.FOUL (P1.PN),,,5,200756,Hilton Armstrong,1610612754.0,Indiana,Pacers,IND,4,203483,Kenny Kadji,1610612739.0,Cleveland,Cavaliers,CLE,1,0,,,,,,0
0011300077,580,3,11,4,9:56 PM,5:37,MISS Kadji Free Throw 1 of 2,,,,,4,203483,Kenny Kadji,1610612739.0,Cleveland,Cavaliers,CLE,0,0,,,,,,0,0,,,,,,0
0011300077,581,4,1,4,9:56 PM,5:37,CAVALIERS Rebound,,,,,2,1610612739,,,,,,0,0,,,,,,0,0,,,,,,0
0011300077,582,3,12,4,9:56 PM,5:37,Kadji Free Throw 2 of 2 (1 PTS),,,88 - 72,-16,4,203483,Kenny Kadji,1610612739.0,Cleveland,Cavaliers,CLE,0,0,,,,,,0,0,,,,,,0
0011300077,584,2,1,4,9:56 PM,5:24,,,MISS Copeland 24' 3PT Jump Shot,,,5,203142,Chris Copeland,1610612754.0,Indiana,Pacers,IND,0,0,,,,,,0,0,,,,,,0
0011300077,585,4,0,4,9:56 PM,5:22,,,Armstrong REBOUND (Off:1 Def:1),,,5,200756,Hilton Armstrong,1610612754.0,Indiana,Pacers,IND,0,0,,,,,,0,0,,,,,,0
0011300077,586,6,1,4,9:56 PM,5:17,Bennett P.FOUL (P4.PN),,,,,4,203461,Anthony Bennett,1610612739.0,Cleveland,Cavaliers,CLE,5,203142,Chris Copeland,1610612754.0,Indiana,Pacers,IND,1,0,,,,,,0
0011300077,587,3,11,4,9:57 PM,5:17,,,MISS Copeland Free Throw 1 of 2,,,5,203142,Chris Copeland,1610612754.0,Indiana,Pacers,IND,0,0,,,,,,0,0,,,,,,0
0011300077,588,4,1,4,9:57 PM,5:17,,,Pacers Rebound,,,3,1610612754,,,,,,0,0,,,,,,0,0,,,,,,0
0011300077,589,3,12,4,9:57 PM,5:17,,,Copeland Free Throw 2 of 2 (7 PTS),89 - 72,-17,5,203142,Chris Copeland,1610612754.0,Indiana,Pacers,IND,0,0,,,,,,0,0,,,,,,0
0011300077,591,6,1,4,9:57 PM,5:07,,,Sloan P.FOUL (P1.PN),,,5,202388,Donald Sloan,1610612754.0,Indiana,Pacers,IND,4,203508,Sergey Karasev,1610612739.0,Cleveland,Cavaliers,CLE,1,0,,,,,,0
0011300077,592,3,11,4,9:57 PM,5:07,Karasev Free Throw 1 of 2 (5 PTS),,,89 - 73,-16,4,203508,Sergey Karasev,1610612739.0,Cleveland,Cavaliers,CLE,0,0,,,,,,0,0,,,,,,0
0011300077,594,3,12,4,9:57 PM,5:07,Karasev Free Throw 2 of 2 (6 PTS),,,89 - 74,-15,4,203508,Sergey Karasev,1610612739.0,Cleveland,Cavaliers,CLE,0,0,,,,,,0,0,,,,,,0
0011300077,596,1,1,4,9:58 PM,4:49,,,Copeland 26' 3PT Jump Shot (10 PTS) (Sloan 1 AST),92 - 74,-18,5,203142,Chris Copeland,1610612754.0,Indiana,Pacers,IND,5,202388,Donald Sloan,1610612754.0,Indiana,Pacers,IND,0,0,,,,,,0
0011300077,597,6,26,4,9:58 PM,4:34,Bennett Offensive Charge Foul (P5.PN),,,,,4,203461,Anthony Bennett,1610612739.0,Cleveland,Cavaliers,CLE,5,203142,Chris Copeland,1610612754.0,Indiana,Pacers,IND,1,0,,,,,,0
0011300077,598,5,5,4,9:58 PM,4:34,Bennett Foul Turnover (P6.T20),,,,,4,203461,Anthony Bennett,1610612739.0,Cleveland,Cavaliers,CLE,0,0,,,,,,1,0,,,,,,0
0011300077,599,2,47,4,9:59 PM,4:13,,,MISS Hill 17' Turnaround Jump Shot,,,5,203524,Solomon Hill,1610612754.0,Indiana,Pacers,IND,0,0,,,,,,0,0,,,,,,0
0011300077,600,4,0,4,9:59 PM,4:11,Kadji REBOUND (Off:0 Def:1),,,,,4,203483,Kenny Kadji,1610612739.0,Cleveland,Cavaliers,CLE,0,0,,,,,,0,0,,,,,,0
0011300077,601,6,2,4,9:59 PM,4:00,,,Armstrong S.FOUL (P2.PN),,,5,200756,Hilton Armstrong,1610612754.0,Indiana,Pacers,IND,4,203483,Kenny Kadji,1610612739.0,Cleveland,Cavaliers,CLE,1,0,,,,,,0
0011300077,602,3,11,4,9:59 PM,4:00,Kadji Free Throw 1 of 2 (2 PTS),,,92 - 75,-17,4,203483,Kenny Kadji,1610612739.0,Cleveland,Cavaliers,CLE,0,0,,,,,,0,0,,,,,,0
0011300077,604,3,12,4,9:59 PM,4:00,Kadji Free Throw 2 of 2 (3 PTS),,,92 - 76,-16,4,203483,Kenny Kadji,1610612739.0,Cleveland,Cavaliers,CLE,0,0,,,,,,0,0,,,,,,0
0011300077,607,5,2,4,10:00 PM,3:43,Taylor STEAL (1 STL),,Butler Lost Ball Turnover (P1.T12),,,5,2446,Rasual Butler,1610612754.0,Indiana,Pacers,IND,4,201966,Jermaine Taylor,1610612739.0,Cleveland,Cavaliers,CLE,0,0,,,,,,0
0011300077,608,2,52,4,10:00 PM,3:39,MISS Taylor 1' Alley Oop Dunk,,,,,4,201966,Jermaine Taylor,1610612739.0,Cleveland,Cavaliers,CLE,0,0,,,,,,0,0,,,,,,0
0011300077,609,4,0,4,10:00 PM,3:38,,,Sloan REBOUND (Off:0 Def:1),,,5,202388,Donald Sloan,1610612754.0,Indiana,Pacers,IND,0,0,,,,,,0,0,,,,,,0
0011300077,611,2,1,4,10:01 PM,3:27,,,MISS Butler 25' 3PT Jump Shot,,,5,2446,Rasual Butler,1610612754.0,Indiana,Pacers,IND,0,0,,,,,,0,0,,,,,,0
0011300077,612,4,0,4,10:01 PM,3:27,,,Pacers Rebound,,,3,1610612754,,,,,,0,0,,,,,,0,0,,,,,,0
0011300077,615,6,1,4,10:01 PM,3:22,Karasev P.FOUL (P2.PN),,,,,4,203508,Sergey Karasev,1610612739.0,Cleveland,Cavaliers,CLE,5,203524,Solomon Hill,1610612754.0,Indiana,Pacers,IND,1,0,,,,,,0
0011300077,616,3,11,4,10:01 PM,3:22,,,Hill Free Throw 1 of 2 (5 PTS),93 - 76,-17,5,203524,Solomon Hill,1610612754.0,Indiana,Pacers,IND,0,0,,,,,,0,0,,,,,,0
0011300077,618,3,12,4,10:01 PM,3:22,,,Hill Free Throw 2 of 2 (6 PTS),94 - 76,-18,5,203524,Solomon Hill,1610612754.0,Indiana,Pacers,IND,0,0,,,,,,0,0,,,,,,0
0011300077,621,2,1,4,10:02 PM,3:09,MISS Karasev 24' 3PT Jump Shot,,,,,4,203508,Sergey Karasev,1610612739.0,Cleveland,Cavaliers,CLE,0,0,,,,,,0,0,,,,,,0
0011300077,622,4,0,4,10:02 PM,3:08,Bennett REBOUND (Off:4 Def:6),,,,,4,203461,Anthony Bennett,1610612739.0,Cleveland,Cavaliers,CLE,0,0,,,,,,0,0,,,,,,0
0011300077,623,1,7,4,10:02 PM,3:05,Bennett 1' Dunk (11 PTS),,,94 - 78,-16,4,203461,Anthony Bennett,1610612739.0,Cleveland,Cavaliers,CLE,0,0,,,,,,0,0,,,,,,0
0011300077,624,2,1,4,10:02 PM,2:42,,,MISS Hill 16' Jump Shot,,,5,203524,Solomon Hill,1610612754.0,Indiana,Pacers,IND,0,0,,,,,,0,0,,,,,,0
0011300077,625,4,0,4,10:02 PM,2:41,Dellavedova REBOUND (Off:1 Def:3),,,,,4,203521,Matthew Dellavedova,1610612739.0,Cleveland,Cavaliers,CLE,0,0,,,,,,0,0,,,,,,0
0011300077,626,2,1,4,10:02 PM,2:35,MISS Taylor 25' 3PT Jump Shot,,,,,4,201966,Jermaine Taylor,1610612739.0,Cleveland,Cavaliers,CLE,0,0,,,,,,0,0,,,,,,0
0011300077,627,4,0,4,10:02 PM,2:34,,,Hill REBOUND (Off:0 Def:4),,,5,203524,Solomon Hill,1610612754.0,Indiana,Pacers,IND,0,0,,,,,,0,0,,,,,,0
0011300077,628,1,42,4,10:03 PM,2:16,,,Copeland 1' Driving Layup (12 PTS),96 - 78,-18,5,203142,Chris Copeland,1610612754.0,Indiana,Pacers,IND,0,0,,,,,,0,0,,,,,,0
0011300077,629,6,4,4,10:03 PM,2:08,Taylor OFF.Foul (P1),,,,,4,201966,Jermaine Taylor,1610612739.0,Cleveland,Cavaliers,CLE,5,203142,Chris Copeland,1610612754.0,Indiana,Pacers,IND,1,0,,,,,,0
0011300077,630,5,5,4,10:03 PM,2:08,Taylor Foul Turnover (P1.T21),,,,,4,201966,Jermaine Taylor,1610612739.0,Cleveland,Cavaliers,CLE,0,0,,,,,,1,0,,,,,,0
0011300077,631,9,1,4,10:03 PM,2:08,,,Pacers Timeout: Regular (Reg.4 Short 0),,,3,1610612754,,,,,,0,0,,,,,,0,0,,,,,,0
0011300077,635,5,4,4,10:06 PM,1:55,,,Armstrong Traveling Turnover (P1.T13),,,5,200756,Hilton Armstrong,1610612754.0,Indiana,Pacers,IND,0,0,,,,,,1,0,,,,,,0
0011300077,636,5,1,4,10:06 PM,1:41,Dellavedova Bad Pass Turnover (P2.T22),,Armstrong STEAL (1 STL),,,4,203521,Matthew Dellavedova,1610612739.0,Cleveland,Cavaliers,CLE,5,200756,Hilton Armstrong,1610612754.0,Indiana,Pacers,IND,0,0,,,,,,0
0011300077,637,2,1,4,10:06 PM,1:33,,,MISS Copeland 26' 3PT Jump Shot,,,5,203142,Chris Copeland,1610612754.0,Indiana,Pacers,IND,0,0,,,,,,0,0,,,,,,0
0011300077,638,4,0,4,10:06 PM,1:32,Karasev REBOUND (Off:1 Def:4),,,,,4,203508,Sergey Karasev,1610612739.0,Cleveland,Cavaliers,CLE,0,0,,,,,,0,0,,,,,,0
0011300077,639,2,5,4,10:07 PM,1:24,MISS Kadji 1' Layup,,,,,4,203483,Kenny Kadji,1610612739.0,Cleveland,Cavaliers,CLE,0,0,,,,,,0,0,,,,,,0
0011300077,640,4,0,4,10:07 PM,1:23,,,Copeland REBOUND (Off:0 Def:1),,,5,203142,Chris Copeland,1610612754.0,Indiana,Pacers,IND,0,0,,,,,,0,0,,,,,,0
0011300077,641,6,2,4,10:07 PM,1:17,Bennett S.FOUL (P6.PN),,,,,4,203461,Anthony Bennett,1610612739.0,Cleveland,Cavaliers,CLE,5,202388,Donald Sloan,1610612754.0,Indiana,Pacers,IND,1,0,,,,,,0
0011300077,643,8,0,4,10:08 PM,1:17,SUB: Lee FOR Bennett,,,,,4,203461,Anthony Bennett,1610612739.0,Cleveland,Cavaliers,CLE,4,203588,Michael Lee,1610612739.0,Cleveland,Cavaliers,CLE,0,0,,,,,,0
0011300077,644,3,11,4,10:08 PM,1:17,,,Sloan Free Throw 1 of 2 (1 PTS),97 - 78,-19,5,202388,Donald Sloan,1610612754.0,Indiana,Pacers,IND,0,0,,,,,,0,0,,,,,,0
0011300077,646,3,12,4,10:08 PM,1:17,,,MISS Sloan Free Throw 2 of 2,,,5,202388,Donald Sloan,1610612754.0,Indiana,Pacers,IND,0,0,,,,,,0,0,,,,,,0
0011300077,648,4,0,4,10:08 PM,1:16,Lee REBOUND (Off:0 Def:1),,,,,4,203588,Michael Lee,1610612739.0,Cleveland,Cavaliers,CLE,0,0,,,,,,0,0,,,,,,0
0011300077,649,6,1,4,10:08 PM,0:59,,,Armstrong P.FOUL (P3.PN),,,5,200756,Hilton Armstrong,1610612754.0,Indiana,Pacers,IND,4,203483,Kenny Kadji,1610612739.0,Cleveland,Cavaliers,CLE,1,0,,,,,,0
0011300077,650,3,11,4,10:08 PM,0:59,Kadji Free Throw 1 of 2 (4 PTS),,,97 - 79,-18,4,203483,Kenny Kadji,1610612739.0,Cleveland,Cavaliers,CLE,0,0,,,,,,0,0,,,,,,0
0011300077,652,3,12,4,10:09 PM,0:59,MISS Kadji Free Throw 2 of 2,,,,,4,203483,Kenny Kadji,1610612739.0,Cleveland,Cavaliers,CLE,0,0,,,,,,0,0,,,,,,0
0011300077,654,4,0,4,10:09 PM,0:58,,,Copeland REBOUND (Off:0 Def:2),,,5,203142,Chris Copeland,1610612754.0,Indiana,Pacers,IND,0,0,,,,,,0,0,,,,,,0
0011300077,655,1,1,4,10:09 PM,0:46,,,Copeland 24' 3PT Jump Shot (15 PTS) (Sloan 2 AST),100 - 79,-21,5,203142,Chris Copeland,1610612754.0,Indiana,Pacers,IND,5,202388,Donald Sloan,1610612754.0,Indiana,Pacers,IND,0,0,,,,,,0
0011300077,656,2,1,4,10:09 PM,0:32,MISS Karasev 25' 3PT Jump Shot,,,,,4,203508,Sergey Karasev,1610612739.0,Cleveland,Cavaliers,CLE,0,0,,,,,,0,0,,,,,,0
0011300077,657,4,0,4,10:09 PM,0:30,,,Butler REBOUND (Off:0 Def:2),,,5,2446,Rasual Butler,1610612754.0,Indiana,Pacers,IND,0,0,,,,,,0,0,,,,,,0
0011300077,658,2,1,4,10:10 PM,0:10,,,MISS Copeland 25' 3PT Jump Shot,,,5,203142,Chris Copeland,1610612754.0,Indiana,Pacers,IND,0,0,,,,,,0,0,,,,,,0
0011300077,660,4,0,4,10:10 PM,0:09,,,Butler REBOUND (Off:1 Def:2),,,5,2446,Rasual Butler,1610612754.0,Indiana,Pacers,IND,0,0,,,,,,0,0,,,,,,0
0011300077,659,1,72,4,10:10 PM,0:09,,,Butler 1' Putback Layup (5 PTS),102 - 79,-23,5,2446,Rasual Butler,1610612754.0,Indiana,Pacers,IND,0,0,,,,,,0,0,,,,,,0
0011300077,661,2,44,4,10:10 PM,0:03,MISS Taylor 1' Reverse Layup,,,,,4,201966,Jermaine Taylor,1610612739.0,Cleveland,Cavaliers,CLE,0,0,,,,,,0,0,,,,,,0
0011300077,663,4,0,4,10:10 PM,0:03,Karasev REBOUND (Off:2 Def:4),,,,,4,203508,Sergey Karasev,1610612739.0,Cleveland,Cavaliers,CLE,0,0,,,,,,0,0,,,,,,0
0011300077,662,2,5,4,10:10 PM,0:02,MISS Karasev 1' Layup,,,,,4,203508,Sergey Karasev,1610612739.0,Cleveland,Cavaliers,CLE,0,0,,,,,,0,0,,,,,,0
0011300077,664,4,0,4,10:10 PM,0:01,,,Butler REBOUND (Off:1 Def:3),,,5,2446,Rasual Butler,1610612754.0,Indiana,Pacers,IND,0,0,,,,,,0,0,,,,,,0
0011300077,665,13,0,4,10:10 PM,0:00,,End of 4th Period (10:10 PM EST),,102 - 79,-23,0,0,,,,,,0,0,,,,,,0,0,,,,,,0
