GAME_ID,EVENTNUM,EVENTMSGTYPE,EVENTMSGACTIONTYPE,PERIOD,WCTIMESTRING,PCTIMESTRING,HOMEDESCRIPTION,NEUTRALDESCRIPTION,VISITORDESCRIPTION,SCORE,SCOREMARGIN,PERSON1TYPE,PLAYER1_ID,PLAYER1_NAME,PLAYER1_TEAM_ID,PLAYER1_TEAM_CITY,PLAYER1_TEAM_NICKNAME,PLAYER1_TEAM_ABBREVIATION,PERSON2TYPE,PLAYER2_ID,PLAYER2_NAME,PLAYER2_TEAM_ID,PLAYER2_TEAM_CITY,PLAYER2_TEAM_NICKNAME,PLAYER2_TEAM_ABBREVIATION,PERSON3TYPE,PLAYER3_ID,PLAYER3_NAME,PLAYER3_TEAM_ID,PLAYER3_TEAM_CITY,PLAYER3_TEAM_NICKNAME,PLAYER3_TEAM_ABBREVIATION,VIDEO_AVAILABLE_FLAG
0021300210,0,12,0,1,10:13 PM,12:00,,Start of 1st Period (10:13 PM EST),,,,0,0,,,,,,0,0,,,,,,0,0,,,,,,0
0021300210,1,10,0,1,10:13 PM,12:00,Jump Ball Lopez vs. Bargnani: Tip to Martin,,,,,4,201577,Robin Lopez,1610612757.0,Portland,Trail Blazers,POR,5,200745,Andrea Bargnani,1610612752.0,New York,Knicks,NYK,5,2030,Kenyon Martin,1610612752.0,New York,Knicks,NYK,0
0021300210,2,2,1,1,10:13 PM,11:43,,,MISS Anthony 16' Jump Shot,,,5,2546,Carmelo Anthony,1610612752.0,New York,Knicks,NYK,0,0,,,,,,0,0,,,,,,0
0021300210,3,4,0,1,10:13 PM,11:43,Aldridge REBOUND (Off:0 Def:1),,,,,4,200746,LaMarcus Aldridge,1610612757.0,Portland,Trail Blazers,POR,0,0,,,,,,0,0,,,,,,0
0021300210,4,1,5,1,10:13 PM,11:30,Matthews 2' Layup (2 PTS) (Aldridge 1 AST),,,0 - 2,2,4,202083,Wesley Matthews,1610612757.0,Portland,Trail Blazers,POR,4,200746,LaMarcus Aldridge,1610612757.0,Portland,Trail Blazers,POR,0,0,,,,,,0
0021300210,5,1,1,1,10:14 PM,11:15,,,Bargnani 20' Jump Shot (2 PTS) (Martin 1 AST),2 - 2,TIE,5,200745,Andrea Bargnani,1610612752.0,New York,Knicks,NYK,5,2030,Kenyon Martin,1610612752.0,New York,Knicks,NYK,0,0,,,,,,0
0021300210,6,1,5,1,10:14 PM,10:55,Lopez 2' Layup (2 PTS) (Batum 1 AST),,,2 - 4,2,4,201577,Robin Lopez,1610612757.0,Portland,Trail Blazers,POR,4,201587,Nicolas Batum,1610612757.0,Portland,Trail Blazers,POR,0,0,,,,,,0
0021300210,7,1,1,1,10:14 PM,10:36,,,Udrih 20' Jump Shot (2 PTS) (Martin 2 AST),4 - 4,TIE,5,2757,Beno Udrih,1610612752.0,New York,Knicks,NYK,5,2030,Kenyon Martin,1610612752.0,New York,Knicks,NYK,0,0,,,,,,0
0021300210,8,2,1,1,10:15 PM,10:19,MISS Aldridge 20' Jump Shot,,,,,4,200746,LaMarcus Aldridge,1610612757.0,Portland,Trail Blazers,POR,0,0,,,,,,0,0,,,,,,0
0021300210,9,4,0,1,10:15 PM,10:19,,,Anthony REBOUND (Off:0 Def:1),,,5,2546,Carmelo Anthony,1610612752.0,New York,Knicks,NYK,0,0,,,,,,0,0,,,,,,0
0021300210,10,2,5,1,10:15 PM,10:09,Aldridge BLOCK (1 BLK),,MISS Bargnani 2' Layup,,,5,200745,Andrea Bargnani,1610612752.0,New York,Knicks,NYK,0,0,,,,,,4,200746,LaMarcus Aldridge,1610612757.0,Portland,Trail Blazers,POR,0
0021300210,11,4,0,1,10:15 PM,10:07,Batum REBOUND (Off:0 Def:1),,,,,4,201587,Nicolas Batum,1610612757.0,Portland,Trail Blazers,POR,0,0,,,,,,0,0,,,,,,0
0021300210,12,1,5,1,10:15 PM,10:05,Batum 1' Layup (2 PTS),,,4 - 6,2,4,201587,Nicolas Batum,1610612757.0,Portland,Trail Blazers,POR,0,0,,,,,,0,0,,,,,,0
0021300210,13,6,2,1,10:15 PM,10:05,,,Udrih S.FOUL (P1.T1),,,5,2757,Beno Udrih,1610612752.0,New York,Knicks,NYK,4,201587,Nicolas Batum,1610612757.0,Portland,Trail Blazers,POR,1,0,,,,,,0
0021300210,14,3,10,1,10:15 PM,10:05,Batum Free Throw 1 of 1 (3 PTS),,,4 - 7,3,4,201587,Nicolas Batum,1610612757.0,Portland,Trail Blazers,POR,0,0,,,,,,0,0,,,,,,0
0021300210,16,1,1,1,10:16 PM,9:41,,,Martin 21' Jump Shot (2 PTS) (Bargnani 1 AST),6 - 7,1,5,2030,Kenyon Martin,1610612752.0,New York,Knicks,NYK,5,200745,Andrea Bargnani,1610612752.0,New York,Knicks,NYK,0,0,,,,,,0
0021300210,17,2,42,1,10:16 PM,9:28,MISS Lillard 1' Driving Layup,,,,,4,203081,Damian Lillard,1610612757.0,Portland,Trail Blazers,POR,0,0,,,,,,0,0,,,,,,0
0021300210,18,4,0,1,10:16 PM,9:26,TRAIL BLAZERS Rebound,,,,,2,1610612757,,,,,,0,0,,,,,,0,0,,,,,,0
0021300210,19,2,46,1,10:16 PM,9:19,MISS Matthews 4' Running Jump Shot,,,,,4,202083,Wesley Matthews,1610612757.0,Portland,Trail Blazers,POR,0,0,,,,,,0,0,,,,,,0
0021300210,21,4,0,1,10:16 PM,9:17,Lopez REBOUND (Off:1 Def:0),,,,,4,201577,Robin Lopez,1610612757.0,Portland,Trail Blazers,POR,0,0,,,,,,0,0,,,,,,0
0021300210,20,1,72,1,10:16 PM,9:17,Lopez 2' Putback Layup (4 PTS),,,6 - 9,3,4,201577,Robin Lopez,1610612757.0,Portland,Trail Blazers,POR,0,0,,,,,,0,0,,,,,,0
0021300210,22,7,1,1,10:17 PM,9:16,TRAIL BLAZERS Violation: Delay of game Violation,,,,,2,1610612757,,,,,,0,0,,,,,,1,0,,,,,,0
0021300210,23,1,86,1,10:17 PM,8:53,,,Anthony 18' Turnaround Fadeaway (2 PTS),8 - 9,1,5,2546,Carmelo Anthony,1610612752.0,New York,Knicks,NYK,0,0,,,,,,0,0,,,,,,0
0021300210,24,2,1,1,10:17 PM,8:41,MISS Matthews 24' 3PT Jump Shot,,,,,4,202083,Wesley Matthews,1610612757.0,Portland,Trail Blazers,POR,0,0,,,,,,0,0,,,,,,0
0021300210,25,4,0,1,10:17 PM,8:41,,,Udrih REBOUND (Off:0 Def:1),,,5,2757,Beno Udrih,1610612752.0,New York,Knicks,NYK,0,0,,,,,,0,0,,,,,,0
0021300210,26,2,1,1,10:17 PM,8:32,,,MISS Bargnani 26' 3PT Jump Shot,,,5,200745,Andrea Bargnani,1610612752.0,New York,Knicks,NYK,0,0,,,,,,0,0,,,,,,0
0021300210,27,4,0,1,10:17 PM,8:32,Matthews REBOUND (Off:0 Def:1),,,,,4,202083,Wesley Matthews,1610612757.0,Portland,Trail Blazers,POR,0,0,,,,,,0,0,,,,,,0
0021300210,28,1,1,1,10:18 PM,8:20,Lillard 25' 3PT Jump Shot (3 PTS) (Aldridge 2 AST),,,8 - 12,4,4,203081,Damian Lillard,1610612757.0,Portland,Trail Blazers,POR,4,200746,LaMarcus Aldridge,1610612757.0,Portland,Trail Blazers,POR,0,0,,,,,,0
0021300210,29,6,1,1,10:18 PM,8:02,Lillard P.FOUL (P1.T1),,,,,4,203081,Damian Lillard,1610612757.0,Portland,Trail Blazers,POR,5,2757,Beno Udrih,1610612752.0,New York,Knicks,NYK,1,0,,,,,,0
0021300210,30,1,86,1,10:18 PM,7:51,,,Anthony 16' Turnaround Fadeaway (4 PTS),10 - 12,2,5,2546,Carmelo Anthony,1610612752.0,New York,Knicks,NYK,0,0,,,,,,0,0,,,,,,0
0021300210,31,2,1,1,10:19 PM,7:30,MISS Matthews  3PT Jump Shot,,,,,4,202083,Wesley Matthews,1610612757.0,Portland,Trail Blazers,POR,0,0,,,,,,0,0,,,,,,0
0021300210,32,4,0,1,10:19 PM,7:29,,,Udrih REBOUND (Off:0 Def:2),,,5,2757,Beno Udrih,1610612752.0,New York,Knicks,NYK,0,0,,,,,,0,0,,,,,,0
0021300210,33,1,1,1,10:19 PM,7:22,,,Bargnani 12' Jump Shot (4 PTS) (Udrih 1 AST),12 - 12,TIE,5,200745,Andrea Bargnani,1610612752.0,New York,Knicks,NYK,5,2757,Beno Udrih,1610612752.0,New York,Knicks,NYK,0,0,,,,,,0
0021300210,34,1,1,1,10:19 PM,7:07,Batum 25' 3PT Jump Shot (6 PTS) (Lillard 1 AST),,,12 - 15,3,4,201587,Nicolas Batum,1610612757.0,Portland,Trail Blazers,POR,4,203081,Damian Lillard,1610612757.0,Portland,Trail Blazers,POR,0,0,,,,,,0
0021300210,35,2,79,1,10:19 PM,6:52,,,MISS Udrih 19' Pullup Jump Shot,,,5,2757,Beno Udrih,1610612752.0,New York,Knicks,NYK,0,0,,,,,,0,0,,,,,,0
0021300210,36,4,0,1,10:19 PM,6:51,Aldridge REBOUND (Off:0 Def:2),,,,,4,200746,LaMarcus Aldridge,1610612757.0,Portland,Trail Blazers,POR,0,0,,,,,,0,0,,,,,,0
0021300210,37,1,49,1,10:20 PM,6:42,Lillard  Driving Dunk (5 PTS),,,12 - 17,5,4,203081,Damian Lillard,1610612757.0,Portland,Trail Blazers,POR,0,0,,,,,,0,0,,,,,,0
0021300210,38,9,1,1,10:20 PM,6:35,,,Knicks Timeout: Regular (Reg.1 Short 0),,,3,1610612752,,,,,,0,0,,,,,,0,0,,,,,,0
0021300210,40,2,1,1,10:22 PM,6:27,,,MISS Udrih 13' Jump Shot,,,5,2757,Beno Udrih,1610612752.0,New York,Knicks,NYK,0,0,,,,,,0,0,,,,,,0
0021300210,41,4,0,1,10:22 PM,6:26,Lillard REBOUND (Off:0 Def:1),,,,,4,203081,Damian Lillard,1610612757.0,Portland,Trail Blazers,POR,0,0,,,,,,0,0,,,,,,0
0021300210,42,1,1,1,10:23 PM,6:14,Lillard 26' 3PT Jump Shot (8 PTS) (Batum 2 AST),,,12 - 20,8,4,203081,Damian Lillard,1610612757.0,Portland,Trail Blazers,POR,4,201587,Nicolas Batum,1610612757.0,Portland,Trail Blazers,POR,0,0,,,,,,0
0021300210,43,2,5,1,10:23 PM,5:49,Batum BLOCK (1 BLK),,MISS Anthony 1' Layup,,,5,2546,Carmelo Anthony,1610612752.0,New York,Knicks,NYK,0,0,,,,,,4,201587,Nicolas Batum,1610612757.0,Portland,Trail Blazers,POR,0
0021300210,44,4,0,1,10:23 PM,5:48,Batum REBOUND (Off:0 Def:2),,,,,4,201587,Nicolas Batum,1610612757.0,Portland,Trail Blazers,POR,0,0,,,,,,0,0,,,,,,0
0021300210,45,2,1,1,10:23 PM,5:40,MISS Lillard 26' 3PT Jump Shot,,,,,4,203081,Damian Lillard,1610612757.0,Portland,Trail Blazers,POR,0,0,,,,,,0,0,,,,,,0
0021300210,46,4,0,1,10:23 PM,5:38,Batum REBOUND (Off:1 Def:2),,,,,4,201587,Nicolas Batum,1610612757.0,Portland,Trail Blazers,POR,0,0,,,,,,0,0,,,,,,0
0021300210,47,2,1,1,10:23 PM,5:35,MISS Matthews 24' 3PT Jump Shot,,,,,4,202083,Wesley Matthews,1610612757.0,Portland,Trail Blazers,POR,0,0,,,,,,0,0,,,,,,0
0021300210,48,4,0,1,10:23 PM,5:35,,,Martin REBOUND (Off:0 Def:1),,,5,2030,Kenyon Martin,1610612752.0,New York,Knicks,NYK,0,0,,,,,,0,0,,,,,,0
0021300210,49,6,1,1,10:24 PM,5:16,Matthews P.FOUL (P1.T2),,,,,4,202083,Wesley Matthews,1610612757.0,Portland,Trail Blazers,POR,5,2546,Carmelo Anthony,1610612752.0,New York,Knicks,NYK,1,0,,,,,,0
0021300210,50,8,0,1,10:24 PM,5:16,,,SUB: Smith FOR Shumpert,,,5,202697,Iman Shumpert,1610612752.0,New York,Knicks,NYK,5,2747,JR Smith,1610612752.0,New York,Knicks,NYK,0,0,,,,,,0
0021300210,51,5,1,1,10:24 PM,5:10,,,Anthony Bad Pass Turnover (P1.T1),,,5,2546,Carmelo Anthony,1610612752.0,New York,Knicks,NYK,0,0,,,,,,0,0,,,,,,0
0021300210,52,1,5,1,10:24 PM,4:58,Matthews 1' Layup (4 PTS) (Batum 3 AST),,,12 - 22,10,4,202083,Wesley Matthews,1610612757.0,Portland,Trail Blazers,POR,4,201587,Nicolas Batum,1610612757.0,Portland,Trail Blazers,POR,0,0,,,,,,0
0021300210,53,2,1,1,10:25 PM,4:47,,,MISS Bargnani 25' 3PT Jump Shot,,,5,200745,Andrea Bargnani,1610612752.0,New York,Knicks,NYK,0,0,,,,,,0,0,,,,,,0
0021300210,54,4,0,1,10:25 PM,4:44,,,Martin REBOUND (Off:1 Def:1),,,5,2030,Kenyon Martin,1610612752.0,New York,Knicks,NYK,0,0,,,,,,0,0,,,,,,0
0021300210,55,2,1,1,10:25 PM,4:26,,,MISS Bargnani 13' Jump Shot,,,5,200745,Andrea Bargnani,1610612752.0,New York,Knicks,NYK,0,0,,,,,,0,0,,,,,,0
0021300210,56,4,0,1,10:25 PM,4:24,Lillard REBOUND (Off:0 Def:2),,,,,4,203081,Damian Lillard,1610612757.0,Portland,Trail Blazers,POR,0,0,,,,,,0,0,,,,,,0
0021300210,57,2,3,1,10:25 PM,4:13,MISS Lopez 5' Hook Shot,,,,,4,201577,Robin Lopez,1610612757.0,Portland,Trail Blazers,POR,0,0,,,,,,0,0,,,,,,0
0021300210,58,4,0,1,10:25 PM,4:12,,,Bargnani REBOUND (Off:0 Def:1),,,5,200745,Andrea Bargnani,1610612752.0,New York,Knicks,NYK,0,0,,,,,,0,0,,,,,,0
0021300210,59,2,47,1,10:25 PM,3:59,,,MISS Anthony 10' Turnaround Jump Shot,,,5,2546,Carmelo Anthony,1610612752.0,New York,Knicks,NYK,0,0,,,,,,0,0,,,,,,0
0021300210,60,4,0,1,10:25 PM,3:59,Aldridge REBOUND (Off:0 Def:3),,,,,4,200746,LaMarcus Aldridge,1610612757.0,Portland,Trail Blazers,POR,0,0,,,,,,0,0,,,,,,0
0021300210,61,6,2,1,10:26 PM,3:52,,,Smith S.FOUL (P1.T2),,,5,2747,JR Smith,1610612752.0,New York,Knicks,NYK,4,201587,Nicolas Batum,1610612757.0,Portland,Trail Blazers,POR,1,0,,,,,,0
0021300210,62,3,11,1,10:26 PM,3:52,Batum Free Throw 1 of 2 (7 PTS),,,12 - 23,11,4,201587,Nicolas Batum,1610612757.0,Portland,Trail Blazers,POR,0,0,,,,,,0,0,,,,,,0
0021300210,64,8,0,1,10:26 PM,3:52,,,SUB: Prigioni FOR Udrih,,,5,2757,Beno Udrih,1610612752.0,New York,Knicks,NYK,5,203143,Pablo Prigioni,1610612752.0,New York,Knicks,NYK,0,0,,,,,,0
0021300210,65,8,0,1,10:26 PM,3:52,SUB: Wright FOR Matthews,,,,,4,202083,Wesley Matthews,1610612757.0,Portland,Trail Blazers,POR,4,2748,Dorell Wright,1610612757.0,Portland,Trail Blazers,POR,0,0,,,,,,0
0021300210,66,8,0,1,10:26 PM,3:52,SUB: Watson FOR Lillard,,,,,4,203081,Damian Lillard,1610612757.0,Portland,Trail Blazers,POR,4,2248,Earl Watson,1610612757.0,Portland,Trail Blazers,POR,0,0,,,,,,0
0021300210,67,8,0,1,10:26 PM,3:52,,,SUB: Stoudemire FOR Martin,,,5,2030,Kenyon Martin,1610612752.0,New York,Knicks,NYK,5,2405,Amar'e Stoudemire,1610612752.0,New York,Knicks,NYK,0,0,,,,,,0
0021300210,68,3,12,1,10:26 PM,3:52,Batum Free Throw 2 of 2 (8 PTS),,,12 - 24,12,4,201587,Nicolas Batum,1610612757.0,Portland,Trail Blazers,POR,0,0,,,,,,0,0,,,,,,0
0021300210,70,7,5,1,10:27 PM,3:36,Watson Violation:Kicked Ball,,,,,4,2248,Earl Watson,1610612757.0,Portland,Trail Blazers,POR,0,0,,,,,,0,0,,,,,,0
0021300210,71,1,42,1,10:27 PM,3:27,,,Smith 2' Driving Layup (2 PTS),14 - 24,10,5,2747,JR Smith,1610612752.0,New York,Knicks,NYK,0,0,,,,,,0,0,,,,,,0
0021300210,72,2,1,1,10:28 PM,3:08,MISS Batum 25' 3PT Jump Shot,,,,,4,201587,Nicolas Batum,1610612757.0,Portland,Trail Blazers,POR,0,0,,,,,,0,0,,,,,,0
0021300210,73,4,0,1,10:28 PM,3:07,,,Anthony REBOUND (Off:0 Def:2),,,5,2546,Carmelo Anthony,1610612752.0,New York,Knicks,NYK,0,0,,,,,,0,0,,,,,,0
0021300210,74,2,1,1,10:28 PM,2:52,,,MISS Stoudemire 18' Jump Shot,,,5,2405,Amar'e Stoudemire,1610612752.0,New York,Knicks,NYK,0,0,,,,,,0,0,,,,,,0
0021300210,75,4,0,1,10:28 PM,2:51,Wright REBOUND (Off:0 Def:1),,,,,4,2748,Dorell Wright,1610612757.0,Portland,Trail Blazers,POR,0,0,,,,,,0,0,,,,,,0
0021300210,76,6,2,1,10:28 PM,2:45,,,Anthony S.FOUL (P1.T3),,,5,2546,Carmelo Anthony,1610612752.0,New York,Knicks,NYK,4,2748,Dorell Wright,1610612757.0,Portland,Trail Blazers,POR,1,0,,,,,,0
0021300210,77,9,1,1,10:28 PM,2:45,TRAIL BLAZERS Timeout: Regular (Full 1 Short 0),,,,,2,1610612757,,,,,,0,0,,,,,,0,0,,,,,,0
0021300210,79,8,0,1,10:31 PM,2:45,SUB: Freeland FOR Lopez,,,,,4,201577,Robin Lopez,1610612757.0,Portland,Trail Blazers,POR,4,200777,Joel Freeland,1610612757.0,Portland,Trail Blazers,POR,0,0,,,,,,0
0021300210,80,3,13,1,10:31 PM,2:45,Wright Free Throw 1 of 3 (1 PTS),,,14 - 25,11,4,2748,Dorell Wright,1610612757.0,Portland,Trail Blazers,POR,0,0,,,,,,0,0,,,,,,0
0021300210,82,3,14,1,10:31 PM,2:45,Wright Free Throw 2 of 3 (2 PTS),,,14 - 26,12,4,2748,Dorell Wright,1610612757.0,Portland,Trail Blazers,POR,0,0,,,,,,0,0,,,,,,0
0021300210,84,3,15,1,10:31 PM,2:45,Wright Free Throw 3 of 3 (3 PTS),,,14 - 27,13,4,2748,Dorell Wright,1610612757.0,Portland,Trail Blazers,POR,0,0,,,,,,0,0,,,,,,0
0021300210,86,6,1,1,10:31 PM,2:44,Watson P.FOUL (P1.T3),,,,,4,2248,Earl Watson,1610612757.0,Portland,Trail Blazers,POR,5,203143,Pablo Prigioni,1610612752.0,New York,Knicks,NYK,1,0,,,,,,0
0021300210,87,2,3,1,10:32 PM,2:29,,,MISS Stoudemire 3' Hook Shot,,,5,2405,Amar'e Stoudemire,1610612752.0,New York,Knicks,NYK,0,0,,,,,,0,0,,,,,,0
0021300210,88,4,0,1,10:32 PM,2:29,Aldridge REBOUND (Off:0 Def:4),,,,,4,200746,LaMarcus Aldridge,1610612757.0,Portland,Trail Blazers,POR,0,0,,,,,,0,0,,,,,,0
0021300210,89,5,1,1,10:32 PM,2:22,Watson Bad Pass Turnover (P1.T1),,Prigioni STEAL (1 STL),,,4,2248,Earl Watson,1610612757.0,Portland,Trail Blazers,POR,5,203143,Pablo Prigioni,1610612752.0,New York,Knicks,NYK,0,0,,,,,,0
0021300210,90,1,1,1,10:32 PM,2:11,,,Anthony 15' Jump Shot (6 PTS) (Smith 1 AST),16 - 27,11,5,2546,Carmelo Anthony,1610612752.0,New York,Knicks,NYK,5,2747,JR Smith,1610612752.0,New York,Knicks,NYK,0,0,,,,,,0
0021300210,91,2,47,1,10:33 PM,1:47,MISS Aldridge 20' Turnaround Jump Shot,,,,,4,200746,LaMarcus Aldridge,1610612757.0,Portland,Trail Blazers,POR,0,0,,,,,,0,0,,,,,,0
0021300210,92,4,0,1,10:33 PM,1:45,,,Prigioni REBOUND (Off:0 Def:1),,,5,203143,Pablo Prigioni,1610612752.0,New York,Knicks,NYK,0,0,,,,,,0,0,,,,,,0
0021300210,93,1,5,1,10:33 PM,1:35,,,Stoudemire 2' Layup (2 PTS) (Smith 2 AST),18 - 27,9,5,2405,Amar'e Stoudemire,1610612752.0,New York,Knicks,NYK,5,2747,JR Smith,1610612752.0,New York,Knicks,NYK,0,0,,,,,,0
0021300210,94,6,1,1,10:33 PM,1:20,,,Smith P.FOUL (P2.T4),,,5,2747,JR Smith,1610612752.0,New York,Knicks,NYK,4,201587,Nicolas Batum,1610612757.0,Portland,Trail Blazers,POR,1,0,,,,,,0
0021300210,95,8,0,1,10:33 PM,1:20,,,SUB: Shumpert FOR Smith,,,5,2747,JR Smith,1610612752.0,New York,Knicks,NYK,5,202697,Iman Shumpert,1610612752.0,New York,Knicks,NYK,0,0,,,,,,0
0021300210,96,1,1,1,10:34 PM,1:12,Batum 18' Jump Shot (10 PTS),,,18 - 29,11,4,201587,Nicolas Batum,1610612757.0,Portland,Trail Blazers,POR,0,0,,,,,,0,0,,,,,,0
0021300210,97,2,1,1,10:34 PM,0:50,,,MISS Anthony 23' Jump Shot,,,5,2546,Carmelo Anthony,1610612752.0,New York,Knicks,NYK,0,0,,,,,,0,0,,,,,,0
0021300210,98,4,0,1,10:34 PM,0:49,Watson REBOUND (Off:0 Def:1),,,,,4,2248,Earl Watson,1610612757.0,Portland,Trail Blazers,POR,0,0,,,,,,0,0,,,,,,0
0021300210,99,1,7,1,10:34 PM,0:49,Wright 1' Dunk (5 PTS) (Batum 4 AST),,,18 - 31,13,4,2748,Dorell Wright,1610612757.0,Portland,Trail Blazers,POR,4,201587,Nicolas Batum,1610612757.0,Portland,Trail Blazers,POR,0,0,,,,,,0
0021300210,100,2,5,1,10:34 PM,0:29,Wright BLOCK (1 BLK),,MISS Stoudemire 2' Layup,,,5,2405,Amar'e Stoudemire,1610612752.0,New York,Knicks,NYK,0,0,,,,,,4,2748,Dorell Wright,1610612757.0,Portland,Trail Blazers,POR,0
0021300210,101,4,0,1,10:34 PM,0:27,Aldridge REBOUND (Off:0 Def:5),,,,,4,200746,LaMarcus Aldridge,1610612757.0,Portland,Trail Blazers,POR,0,0,,,,,,0,0,,,,,,0
0021300210,102,2,1,1,10:34 PM,0:23,MISS Wright 24' 3PT Jump Shot,,,,,4,2748,Dorell Wright,1610612757.0,Portland,Trail Blazers,POR,0,0,,,,,,0,0,,,,,,0
0021300210,103,4,0,1,10:34 PM,0:22,Aldridge REBOUND (Off:1 Def:5),,,,,4,200746,LaMarcus Aldridge,1610612757.0,Portland,Trail Blazers,POR,0,0,,,,,,0,0,,,,,,0
0021300210,104,1,1,1,10:35 PM,0:07,Batum 26' 3PT Jump Shot (13 PTS) (Wright 1 AST),,,18 - 34,16,4,201587,Nicolas Batum,1610612757.0,Portland,Trail Blazers,POR,4,2748,Dorell Wright,1610612757.0,Portland,Trail Blazers,POR,0,0,,,,,,0
0021300210,105,2,1,1,10:35 PM,0:00,,,MISS Anthony 28' 3PT Jump Shot,,,5,2546,Carmelo Anthony,1610612752.0,New York,Knicks,NYK,0,0,,,,,,0,0,,,,,,0
0021300210,106,4,0,1,10:35 PM,0:00,,,Knicks Rebound,,,3,1610612752,,,,,,0,0,,,,,,0,0,,,,,,0
0021300210,107,13,0,1,10:35 PM,0:00,,End of 1st Period (10:35 PM EST),,18 - 34,16,0,0,,,,,,0,0,,,,,,0,0,,,,,,0
0021300210,109,12,0,2,10:37 PM,12:00,,Start of 2nd Period (10:37 PM EST),,18 - 34,16,0,0,,,,,,0,0,,,,,,0,0,,,,,,0
0021300210,110,1,5,2,10:38 PM,11:41,Robinson 1' Layup (2 PTS) (Barton 1 AST),,,18 - 36,18,4,203080,Thomas Robinson,1610612757.0,Portland,Trail Blazers,POR,4,203115,Will Barton,1610612757.0,Portland,Trail Blazers,POR,0,0,,,,,,0
0021300210,111,2,5,2,10:38 PM,11:20,,,MISS Bargnani 3' Layup,,,5,200745,Andrea Bargnani,1610612752.0,New York,Knicks,NYK,0,0,,,,,,0,0,,,,,,0
0021300210,113,4,0,2,10:38 PM,11:18,,,Stoudemire REBOUND (Off:1 Def:0),,,5,2405,Amar'e Stoudemire,1610612752.0,New York,Knicks,NYK,0,0,,,,,,0,0,,,,,,0
0021300210,112,1,92,2,10:38 PM,11:18,,,Stoudemire 1' Putback Slam Dunk (4 PTS),20 - 36,16,5,2405,Amar'e Stoudemire,1610612752.0,New York,Knicks,NYK,0,0,,,,,,0,0,,,,,,0
0021300210,114,2,1,2,10:39 PM,10:50,MISS Watson  3PT Jump Shot,,Stoudemire BLOCK (1 BLK),,,4,2248,Earl Watson,1610612757.0,Portland,Trail Blazers,POR,0,0,,,,,,5,2405,Amar'e Stoudemire,1610612752.0,New York,Knicks,NYK,0
0021300210,115,4,0,2,10:39 PM,10:50,TRAIL BLAZERS Rebound,,,,,2,1610612757,,,,,,0,0,,,,,,0,0,,,,,,0
0021300210,116,2,1,2,10:39 PM,10:46,MISS Freeland 24' 3PT Jump Shot,,,,,4,200777,Joel Freeland,1610612757.0,Portland,Trail Blazers,POR,0,0,,,,,,0,0,,,,,,0
0021300210,117,4,0,2,10:39 PM,10:46,,,Stoudemire REBOUND (Off:1 Def:1),,,5,2405,Amar'e Stoudemire,1610612752.0,New York,Knicks,NYK,0,0,,,,,,0,0,,,,,,0
0021300210,118,5,1,2,10:39 PM,10:27,,,Shumpert Bad Pass Turnover (P1.T2),,,5,202697,Iman Shumpert,1610612752.0,New York,Knicks,NYK,0,0,,,,,,0,0,,,,,,0
0021300210,119,6,1,2,10:40 PM,10:22,,,Shumpert P.FOUL (P1.T1),,,5,202697,Iman Shumpert,1610612752.0,New York,Knicks,NYK,4,203115,Will Barton,1610612757.0,Portland,Trail Blazers,POR,1,0,,,,,,0
0021300210,120,1,1,2,10:40 PM,10:13,Wright  3PT Jump Shot (8 PTS) (Watson 1 AST),,,20 - 39,19,4,2748,Dorell Wright,1610612757.0,Portland,Trail Blazers,POR,4,2248,Earl Watson,1610612757.0,Portland,Trail Blazers,POR,0,0,,,,,,0
0021300210,121,6,2,2,10:40 PM,10:13,,,Stoudemire S.FOUL (P1.T2),,,5,2405,Amar'e Stoudemire,1610612752.0,New York,Knicks,NYK,4,2748,Dorell Wright,1610612757.0,Portland,Trail Blazers,POR,1,0,,,,,,0
0021300210,122,3,10,2,10:41 PM,10:13,MISS Wright Free Throw 1 of 1,,,,,4,2748,Dorell Wright,1610612757.0,Portland,Trail Blazers,POR,0,0,,,,,,0,0,,,,,,0
0021300210,124,4,0,2,10:41 PM,10:12,,,World Peace REBOUND (Off:0 Def:1),,,5,1897,Metta World Peace,1610612752.0,New York,Knicks,NYK,0,0,,,,,,0,0,,,,,,0
0021300210,125,2,42,2,10:41 PM,10:04,Freeland BLOCK (1 BLK),,MISS World Peace 1' Driving Layup,,,5,1897,Metta World Peace,1610612752.0,New York,Knicks,NYK,0,0,,,,,,4,200777,Joel Freeland,1610612757.0,Portland,Trail Blazers,POR,0
0021300210,126,4,0,2,10:41 PM,10:01,,,Stoudemire REBOUND (Off:2 Def:1),,,5,2405,Amar'e Stoudemire,1610612752.0,New York,Knicks,NYK,0,0,,,,,,0,0,,,,,,0
0021300210,127,2,1,2,10:41 PM,9:54,,,MISS Shumpert 25' 3PT Jump Shot,,,5,202697,Iman Shumpert,1610612752.0,New York,Knicks,NYK,0,0,,,,,,0,0,,,,,,0
0021300210,128,4,0,2,10:41 PM,9:54,TRAIL BLAZERS Rebound,,,,,2,1610612757,,,,,,0,0,,,,,,0,0,,,,,,0
0021300210,131,6,1,2,10:42 PM,9:39,,,Shumpert P.FOUL (P2.T3),,,5,202697,Iman Shumpert,1610612752.0,New York,Knicks,NYK,4,203115,Will Barton,1610612757.0,Portland,Trail Blazers,POR,1,0,,,,,,0
0021300210,132,8,0,2,10:42 PM,9:39,,,SUB: Anthony FOR Bargnani,,,5,200745,Andrea Bargnani,1610612752.0,New York,Knicks,NYK,5,2546,Carmelo Anthony,1610612752.0,New York,Knicks,NYK,0,0,,,,,,0
0021300210,133,2,5,2,10:42 PM,9:32,MISS Robinson 1' Layup,,Anthony BLOCK (1 BLK),,,4,203080,Thomas Robinson,1610612757.0,Portland,Trail Blazers,POR,0,0,,,,,,5,2546,Carmelo Anthony,1610612752.0,New York,Knicks,NYK,0
0021300210,134,4,0,2,10:42 PM,9:32,TRAIL BLAZERS Rebound,,,,,2,1610612757,,,,,,0,0,,,,,,0,0,,,,,,0
0021300210,135,2,1,2,10:42 PM,9:25,MISS Robinson 21' Jump Shot,,,,,4,203080,Thomas Robinson,1610612757.0,Portland,Trail Blazers,POR,0,0,,,,,,0,0,,,,,,0
0021300210,136,4,0,2,10:42 PM,9:23,,,Anthony REBOUND (Off:0 Def:3),,,5,2546,Carmelo Anthony,1610612752.0,New York,Knicks,NYK,0,0,,,,,,0,0,,,,,,0
0021300210,137,5,40,2,10:43 PM,9:03,,,Anthony Out of Bounds Lost Ball Turnover (P2.T3),,,5,2546,Carmelo Anthony,1610612752.0,New York,Knicks,NYK,0,0,,,,,,0,0,,,,,,0
0021300210,138,9,1,2,10:43 PM,8:51,TRAIL BLAZERS Timeout: Regular (Full 2 Short 0),,,,,2,1610612757,,,,,,0,0,,,,,,0,0,,,,,,0
0021300210,140,8,0,2,10:45 PM,8:51,SUB: Lillard FOR Watson,,,,,4,2248,Earl Watson,1610612757.0,Portland,Trail Blazers,POR,4,203081,Damian Lillard,1610612757.0,Portland,Trail Blazers,POR,0,0,,,,,,0
0021300210,141,8,0,2,10:45 PM,8:51,SUB: Matthews FOR Wright,,,,,4,2748,Dorell Wright,1610612757.0,Portland,Trail Blazers,POR,4,202083,Wesley Matthews,1610612757.0,Portland,Trail Blazers,POR,0,0,,,,,,0
0021300210,142,8,0,2,10:46 PM,8:51,,,SUB: Smith FOR Shumpert,,,5,202697,Iman Shumpert,1610612752.0,New York,Knicks,NYK,5,2747,JR Smith,1610612752.0,New York,Knicks,NYK,0,0,,,,,,0
0021300210,143,5,1,2,10:46 PM,8:39,Lillard Bad Pass Turnover (P1.T2),,Anthony STEAL (1 STL),,,4,203081,Damian Lillard,1610612757.0,Portland,Trail Blazers,POR,5,2546,Carmelo Anthony,1610612752.0,New York,Knicks,NYK,0,0,,,,,,0
0021300210,144,2,1,2,10:46 PM,8:22,,,MISS Smith 25' 3PT Jump Shot,,,5,2747,JR Smith,1610612752.0,New York,Knicks,NYK,0,0,,,,,,0,0,,,,,,0
0021300210,145,4,0,2,10:46 PM,8:21,,,Stoudemire REBOUND (Off:3 Def:1),,,5,2405,Amar'e Stoudemire,1610612752.0,New York,Knicks,NYK,0,0,,,,,,0,0,,,,,,0
0021300210,146,1,5,2,10:46 PM,8:19,,,Stoudemire 1' Layup (6 PTS),22 - 39,17,5,2405,Amar'e Stoudemire,1610612752.0,New York,Knicks,NYK,0,0,,,,,,0,0,,,,,,0
0021300210,147,1,5,2,10:47 PM,8:03,Freeland 2' Layup (2 PTS) (Robinson 1 AST),,,22 - 41,19,4,200777,Joel Freeland,1610612757.0,Portland,Trail Blazers,POR,4,203080,Thomas Robinson,1610612757.0,Portland,Trail Blazers,POR,0,0,,,,,,0
0021300210,148,2,1,2,10:47 PM,7:46,,,MISS World Peace 21' Jump Shot,,,5,1897,Metta World Peace,1610612752.0,New York,Knicks,NYK,0,0,,,,,,0,0,,,,,,0
0021300210,149,4,0,2,10:47 PM,7:43,Barton REBOUND (Off:0 Def:1),,,,,4,203115,Will Barton,1610612757.0,Portland,Trail Blazers,POR,0,0,,,,,,0,0,,,,,,0
0021300210,150,6,1,2,10:47 PM,7:39,,,Stoudemire P.FOUL (P2.T4),,,5,2405,Amar'e Stoudemire,1610612752.0,New York,Knicks,NYK,4,203080,Thomas Robinson,1610612757.0,Portland,Trail Blazers,POR,1,0,,,,,,0
0021300210,151,8,0,2,10:47 PM,7:39,SUB: Lopez FOR Freeland,,,,,4,200777,Joel Freeland,1610612757.0,Portland,Trail Blazers,POR,4,201577,Robin Lopez,1610612757.0,Portland,Trail Blazers,POR,0,0,,,,,,0
0021300210,152,8,0,2,10:47 PM,7:39,,,SUB: Martin FOR World Peace,,,5,1897,Metta World Peace,1610612752.0,New York,Knicks,NYK,5,2030,Kenyon Martin,1610612752.0,New York,Knicks,NYK,0,0,,,,,,0
0021300210,153,2,1,2,10:48 PM,7:36,MISS Lillard 23' Jump Shot,,,,,4,203081,Damian Lillard,1610612757.0,Portland,Trail Blazers,POR,0,0,,,,,,0,0,,,,,,0
0021300210,154,4,0,2,10:48 PM,7:35,Lopez REBOUND (Off:2 Def:0),,,,,4,201577,Robin Lopez,1610612757.0,Portland,Trail Blazers,POR,0,0,,,,,,0,0,,,,,,0
0021300210,155,1,1,2,10:48 PM,7:26,Matthews  3PT Jump Shot (7 PTS) (Lillard 2 AST),,,22 - 44,22,4,202083,Wesley Matthews,1610612757.0,Portland,Trail Blazers,POR,4,203081,Damian Lillard,1610612757.0,Portland,Trail Blazers,POR,0,0,,,,,,0
0021300210,156,2,42,2,10:48 PM,7:14,,,MISS Smith 2' Driving Layup,,,5,2747,JR Smith,1610612752.0,New York,Knicks,NYK,0,0,,,,,,0,0,,,,,,0
0021300210,157,4,0,2,10:48 PM,7:12,Barton REBOUND (Off:0 Def:2),,,,,4,203115,Will Barton,1610612757.0,Portland,Trail Blazers,POR,0,0,,,,,,0,0,,,,,,0
0021300210,158,2,1,2,10:48 PM,7:01,MISS Matthews 25' 3PT Jump Shot,,,,,4,202083,Wesley Matthews,1610612757.0,Portland,Trail Blazers,POR,0,0,,,,,,0,0,,,,,,0
0021300210,159,4,0,2,10:48 PM,7:00,,,Martin REBOUND (Off:1 Def:2),,,5,2030,Kenyon Martin,1610612752.0,New York,Knicks,NYK,0,0,,,,,,0,0,,,,,,0
0021300210,160,2,1,2,10:49 PM,6:42,,,MISS Prigioni  3PT Jump Shot,,,5,203143,Pablo Prigioni,1610612752.0,New York,Knicks,NYK,0,0,,,,,,0,0,,,,,,0
0021300210,161,4,0,2,10:49 PM,6:41,Robinson REBOUND (Off:0 Def:1),,,,,4,203080,Thomas Robinson,1610612757.0,Portland,Trail Blazers,POR,0,0,,,,,,0,0,,,,,,0
0021300210,162,5,4,2,10:49 PM,6:25,Barton Traveling Turnover (P1.T3),,,,,4,203115,Will Barton,1610612757.0,Portland,Trail Blazers,POR,0,0,,,,,,1,0,,,,,,0
0021300210,163,8,0,2,10:49 PM,6:25,,,SUB: Udrih FOR Prigioni,,,5,203143,Pablo Prigioni,1610612752.0,New York,Knicks,NYK,5,2757,Beno Udrih,1610612752.0,New York,Knicks,NYK,0,0,,,,,,0
0021300210,164,8,0,2,10:49 PM,6:25,,,SUB: Bargnani FOR Stoudemire,,,5,2405,Amar'e Stoudemire,1610612752.0,New York,Knicks,NYK,5,200745,Andrea Bargnani,1610612752.0,New York,Knicks,NYK,0,0,,,,,,0
0021300210,165,6,2,2,10:50 PM,6:07,Barton S.FOUL (P1.T1),,,,,4,203115,Will Barton,1610612757.0,Portland,Trail Blazers,POR,5,2747,JR Smith,1610612752.0,New York,Knicks,NYK,1,0,,,,,,0
0021300210,166,3,11,2,10:50 PM,6:07,,,Smith Free Throw 1 of 2 (3 PTS),23 - 44,21,5,2747,JR Smith,1610612752.0,New York,Knicks,NYK,0,0,,,,,,0,0,,,,,,0
0021300210,168,3,12,2,10:50 PM,6:07,,,Smith Free Throw 2 of 2 (4 PTS),24 - 44,20,5,2747,JR Smith,1610612752.0,New York,Knicks,NYK,0,0,,,,,,0,0,,,,,,0
0021300210,170,2,73,2,10:51 PM,5:50,MISS Lillard 2' Driving Reverse Layup,,,,,4,203081,Damian Lillard,1610612757.0,Portland,Trail Blazers,POR,0,0,,,,,,0,0,,,,,,0
0021300210,171,4,0,2,10:51 PM,5:48,,,Anthony REBOUND (Off:0 Def:4),,,5,2546,Carmelo Anthony,1610612752.0,New York,Knicks,NYK,0,0,,,,,,0,0,,,,,,0
0021300210,172,1,1,2,10:51 PM,5:38,,,Martin 17' Jump Shot (4 PTS) (Udrih 2 AST),26 - 44,18,5,2030,Kenyon Martin,1610612752.0,New York,Knicks,NYK,5,2757,Beno Udrih,1610612752.0,New York,Knicks,NYK,0,0,,,,,,0
0021300210,173,1,5,2,10:51 PM,5:17,Lopez 1' Layup (6 PTS) (Lillard 3 AST),,,26 - 46,20,4,201577,Robin Lopez,1610612757.0,Portland,Trail Blazers,POR,4,203081,Damian Lillard,1610612757.0,Portland,Trail Blazers,POR,0,0,,,,,,0
0021300210,174,2,5,2,10:51 PM,5:07,Lopez BLOCK (1 BLK),,MISS Martin 2' Layup,,,5,2030,Kenyon Martin,1610612752.0,New York,Knicks,NYK,0,0,,,,,,4,201577,Robin Lopez,1610612757.0,Portland,Trail Blazers,POR,0
0021300210,175,4,0,2,10:51 PM,5:06,Matthews REBOUND (Off:0 Def:2),,,,,4,202083,Wesley Matthews,1610612757.0,Portland,Trail Blazers,POR,0,0,,,,,,0,0,,,,,,0
0021300210,177,9,4,2,10:52 PM,5:02,,Timeout: Official,,,,1,0,,,,,,0,0,,,,,,0,0,,,,,,0
0021300210,179,8,0,2,10:54 PM,5:02,SUB: Aldridge FOR Robinson,,,,,4,203080,Thomas Robinson,1610612757.0,Portland,Trail Blazers,POR,4,200746,LaMarcus Aldridge,1610612757.0,Portland,Trail Blazers,POR,0,0,,,,,,0
0021300210,180,8,0,2,10:54 PM,5:02,SUB: Batum FOR Barton,,,,,4,203115,Will Barton,1610612757.0,Portland,Trail Blazers,POR,4,201587,Nicolas Batum,1610612757.0,Portland,Trail Blazers,POR,0,0,,,,,,0
0021300210,181,1,49,2,10:54 PM,4:52,Lillard 1' Driving Dunk (10 PTS),,,26 - 48,22,4,203081,Damian Lillard,1610612757.0,Portland,Trail Blazers,POR,0,0,,,,,,0,0,,,,,,0
0021300210,182,2,58,2,10:55 PM,4:35,,,MISS Bargnani 3' Turnaround Hook Shot,,,5,200745,Andrea Bargnani,1610612752.0,New York,Knicks,NYK,0,0,,,,,,0,0,,,,,,0
0021300210,183,4,0,2,10:55 PM,4:33,Aldridge REBOUND (Off:1 Def:6),,,,,4,200746,LaMarcus Aldridge,1610612757.0,Portland,Trail Blazers,POR,0,0,,,,,,0,0,,,,,,0
0021300210,184,2,1,2,10:55 PM,4:21,MISS Aldridge 9' Jump Shot,,Bargnani BLOCK (1 BLK),,,4,200746,LaMarcus Aldridge,1610612757.0,Portland,Trail Blazers,POR,0,0,,,,,,5,200745,Andrea Bargnani,1610612752.0,New York,Knicks,NYK,0
0021300210,185,4,0,2,10:55 PM,4:19,,,Udrih REBOUND (Off:0 Def:3),,,5,2757,Beno Udrih,1610612752.0,New York,Knicks,NYK,0,0,,,,,,0,0,,,,,,0
0021300210,186,6,1,2,10:55 PM,4:19,Batum P.FOUL (P1.T2),,,,,4,201587,Nicolas Batum,1610612757.0,Portland,Trail Blazers,POR,5,2747,JR Smith,1610612752.0,New York,Knicks,NYK,1,0,,,,,,0
0021300210,187,1,42,2,10:55 PM,4:08,,,Martin 1' Driving Layup (6 PTS),28 - 48,20,5,2030,Kenyon Martin,1610612752.0,New York,Knicks,NYK,0,0,,,,,,0,0,,,,,,0
0021300210,188,2,86,2,10:56 PM,3:46,MISS Aldridge 19' Turnaround Fadeaway Shot,,,,,4,200746,LaMarcus Aldridge,1610612757.0,Portland,Trail Blazers,POR,0,0,,,,,,0,0,,,,,,0
0021300210,189,4,0,2,10:56 PM,3:44,,,Knicks Rebound,,,3,1610612752,,,,,,0,0,,,,,,0,0,,,,,,0
0021300210,190,1,86,2,10:56 PM,3:26,,,Anthony 11' Turnaround Fadeaway (8 PTS) (Martin 3 AST),30 - 48,18,5,2546,Carmelo Anthony,1610612752.0,New York,Knicks,NYK,5,2030,Kenyon Martin,1610612752.0,New York,Knicks,NYK,0,0,,,,,,0
0021300210,191,1,1,2,10:57 PM,3:07,Aldridge 16' Jump Shot (2 PTS) (Batum 5 AST),,,30 - 50,20,4,200746,LaMarcus Aldridge,1610612757.0,Portland,Trail Blazers,POR,4,201587,Nicolas Batum,1610612757.0,Portland,Trail Blazers,POR,0,0,,,,,,0
0021300210,192,1,1,2,10:57 PM,2:54,,,Martin 19' Jump Shot (8 PTS) (Udrih 3 AST),32 - 50,18,5,2030,Kenyon Martin,1610612752.0,New York,Knicks,NYK,5,2757,Beno Udrih,1610612752.0,New York,Knicks,NYK,0,0,,,,,,0
0021300210,193,2,1,2,10:57 PM,2:29,MISS Aldridge 19' Jump Shot,,,,,4,200746,LaMarcus Aldridge,1610612757.0,Portland,Trail Blazers,POR,0,0,,,,,,0,0,,,,,,0
0021300210,194,4,0,2,10:57 PM,2:28,,,Anthony REBOUND (Off:0 Def:5),,,5,2546,Carmelo Anthony,1610612752.0,New York,Knicks,NYK,0,0,,,,,,0,0,,,,,,0
0021300210,195,2,1,2,10:57 PM,2:15,,,MISS Martin 16' Jump Shot,,,5,2030,Kenyon Martin,1610612752.0,New York,Knicks,NYK,0,0,,,,,,0,0,,,,,,0
0021300210,196,4,0,2,10:57 PM,2:13,Aldridge REBOUND (Off:1 Def:7),,,,,4,200746,LaMarcus Aldridge,1610612757.0,Portland,Trail Blazers,POR,0,0,,,,,,0,0,,,,,,0
0021300210,197,2,42,2,10:58 PM,2:07,MISS Lillard 2' Driving Layup,,,,,4,203081,Damian Lillard,1610612757.0,Portland,Trail Blazers,POR,0,0,,,,,,0,0,,,,,,0
0021300210,198,4,0,2,10:58 PM,2:04,,,Bargnani REBOUND (Off:0 Def:2),,,5,200745,Andrea Bargnani,1610612752.0,New York,Knicks,NYK,0,0,,,,,,0,0,,,,,,0
0021300210,199,6,1,2,10:58 PM,1:59,Aldridge P.FOUL (P1.T3),,,,,4,200746,LaMarcus Aldridge,1610612757.0,Portland,Trail Blazers,POR,5,2546,Carmelo Anthony,1610612752.0,New York,Knicks,NYK,1,0,,,,,,0
0021300210,200,9,1,2,10:58 PM,1:59,,,Knicks Timeout: Regular (Reg.2 Short 0),,,3,1610612752,,,,,,0,0,,,,,,0,0,,,,,,0
0021300210,202,3,11,2,11:00 PM,1:59,,,Anthony Free Throw 1 of 2 (9 PTS),33 - 50,17,5,2546,Carmelo Anthony,1610612752.0,New York,Knicks,NYK,0,0,,,,,,0,0,,,,,,0
0021300210,204,3,12,2,11:01 PM,1:59,,,Anthony Free Throw 2 of 2 (10 PTS),34 - 50,16,5,2546,Carmelo Anthony,1610612752.0,New York,Knicks,NYK,0,0,,,,,,0,0,,,,,,0
0021300210,206,6,2,2,11:01 PM,1:46,,,Martin S.FOUL (P1.PN),,,5,2030,Kenyon Martin,1610612752.0,New York,Knicks,NYK,4,200746,LaMarcus Aldridge,1610612757.0,Portland,Trail Blazers,POR,1,0,,,,,,0
0021300210,207,3,11,2,11:01 PM,1:46,Aldridge Free Throw 1 of 2 (3 PTS),,,34 - 51,17,4,200746,LaMarcus Aldridge,1610612757.0,Portland,Trail Blazers,POR,0,0,,,,,,0,0,,,,,,0
0021300210,209,3,12,2,11:02 PM,1:46,Aldridge Free Throw 2 of 2 (4 PTS),,,34 - 52,18,4,200746,LaMarcus Aldridge,1610612757.0,Portland,Trail Blazers,POR,0,0,,,,,,0,0,,,,,,0
0021300210,211,1,1,2,11:02 PM,1:31,,,Bargnani 18' Jump Shot (6 PTS) (Martin 4 AST),36 - 52,16,5,200745,Andrea Bargnani,1610612752.0,New York,Knicks,NYK,5,2030,Kenyon Martin,1610612752.0,New York,Knicks,NYK,0,0,,,,,,0
0021300210,212,5,2,2,11:02 PM,1:16,Aldridge Lost Ball Turnover (P1.T4),,Martin STEAL (1 STL),,,4,200746,LaMarcus Aldridge,1610612757.0,Portland,Trail Blazers,POR,5,2030,Kenyon Martin,1610612752.0,New York,Knicks,NYK,0,0,,,,,,0
0021300210,213,1,7,2,11:02 PM,1:12,,,Anthony  Dunk (12 PTS) (Martin 5 AST),38 - 52,14,5,2546,Carmelo Anthony,1610612752.0,New York,Knicks,NYK,5,2030,Kenyon Martin,1610612752.0,New York,Knicks,NYK,0,0,,,,,,0
0021300210,214,7,1,2,11:03 PM,1:10,,,Knicks Violation: Delay of game Violation,,,3,1610612752,,,,,,0,0,,,,,,1,0,,,,,,0
0021300210,215,7,5,2,11:03 PM,0:57,,,Smith Violation:Kicked Ball,,,5,2747,JR Smith,1610612752.0,New York,Knicks,NYK,0,0,,,,,,0,0,,,,,,0
0021300210,216,1,75,2,11:03 PM,0:53,Batum 2' Driving Finger Roll Layup (15 PTS),,,38 - 54,16,4,201587,Nicolas Batum,1610612757.0,Portland,Trail Blazers,POR,0,0,,,,,,0,0,,,,,,0
0021300210,217,2,1,2,11:04 PM,0:29,,,MISS Martin 22' Jump Shot,,,5,2030,Kenyon Martin,1610612752.0,New York,Knicks,NYK,0,0,,,,,,0,0,,,,,,0
0021300210,218,4,0,2,11:04 PM,0:26,,,Anthony REBOUND (Off:1 Def:5),,,5,2546,Carmelo Anthony,1610612752.0,New York,Knicks,NYK,0,0,,,,,,0,0,,,,,,0
0021300210,219,6,2,2,11:04 PM,0:25,Aldridge S.FOUL (P2.PN),,,,,4,200746,LaMarcus Aldridge,1610612757.0,Portland,Trail Blazers,POR,5,2546,Carmelo Anthony,1610612752.0,New York,Knicks,NYK,1,0,,,,,,0
0021300210,220,3,11,2,11:04 PM,0:25,,,MISS Anthony Free Throw 1 of 2,,,5,2546,Carmelo Anthony,1610612752.0,New York,Knicks,NYK,0,0,,,,,,0,0,,,,,,0
0021300210,221,4,1,2,11:04 PM,0:25,,,Knicks Rebound,,,3,1610612752,,,,,,0,0,,,,,,0,0,,,,,,0
0021300210,222,8,0,2,11:04 PM,0:25,SUB: Wright FOR Lopez,,,,,4,201577,Robin Lopez,1610612757.0,Portland,Trail Blazers,POR,4,2748,Dorell Wright,1610612757.0,Portland,Trail Blazers,POR,0,0,,,,,,0
0021300210,223,8,0,2,11:05 PM,0:25,,,SUB: World Peace FOR Smith,,,5,2747,JR Smith,1610612752.0,New York,Knicks,NYK,5,1897,Metta World Peace,1610612752.0,New York,Knicks,NYK,0,0,,,,,,0
0021300210,225,8,0,2,11:05 PM,0:25,,,SUB: Prigioni FOR Udrih,,,5,2757,Beno Udrih,1610612752.0,New York,Knicks,NYK,5,203143,Pablo Prigioni,1610612752.0,New York,Knicks,NYK,0,0,,,,,,0
0021300210,226,3,12,2,11:05 PM,0:25,,,Anthony Free Throw 2 of 2 (13 PTS),39 - 54,15,5,2546,Carmelo Anthony,1610612752.0,New York,Knicks,NYK,0,0,,,,,,0,0,,,,,,0
0021300210,228,9,2,2,11:05 PM,0:17,TRAIL BLAZERS Timeout: Short (Full 2 Short 1),,,,,2,1610612757,,,,,,0,0,,,,,,0,0,,,,,,0
0021300210,230,8,0,2,11:06 PM,0:17,SUB: Barton FOR Aldridge,,,,,4,200746,LaMarcus Aldridge,1610612757.0,Portland,Trail Blazers,POR,4,203115,Will Barton,1610612757.0,Portland,Trail Blazers,POR,0,0,,,,,,0
0021300210,231,8,0,2,11:06 PM,0:17,,,SUB: Shumpert FOR Bargnani,,,5,200745,Andrea Bargnani,1610612752.0,New York,Knicks,NYK,5,202697,Iman Shumpert,1610612752.0,New York,Knicks,NYK,0,0,,,,,,0
0021300210,232,1,42,2,11:07 PM,0:04,Lillard 3' Driving Layup (12 PTS),,,39 - 56,17,4,203081,Damian Lillard,1610612757.0,Portland,Trail Blazers,POR,0,0,,,,,,0,0,,,,,,0
0021300210,233,2,1,2,11:07 PM,0:00,,,MISS Shumpert 8' Jump Shot,,,5,202697,Iman Shumpert,1610612752.0,New York,Knicks,NYK,0,0,,,,,,0,0,,,,,,0
0021300210,234,4,0,2,11:07 PM,0:00,,,Knicks Rebound,,,3,1610612752,,,,,,0,0,,,,,,0,0,,,,,,0
0021300210,235,13,0,2,11:07 PM,0:00,,End of 2nd Period (11:07 PM EST),,39 - 56,17,0,0,,,,,,0,0,,,,,,0,0,,,,,,0
0021300210,237,12,0,3,11:22 PM,12:00,,Start of 3rd Period (11:22 PM EST),,39 - 56,17,0,0,,,,,,0,0,,,,,,0,0,,,,,,0
0021300210,238,2,1,3,11:23 PM,11:37,MISS Lillard 26' 3PT Jump Shot,,,,,4,203081,Damian Lillard,1610612757.0,Portland,Trail Blazers,POR,0,0,,,,,,0,0,,,,,,0
0021300210,239,4,0,3,11:23 PM,11:36,,,Udrih REBOUND (Off:0 Def:4),,,5,2757,Beno Udrih,1610612752.0,New York,Knicks,NYK,0,0,,,,,,0,0,,,,,,0
0021300210,240,6,2,3,11:23 PM,11:24,Matthews S.FOUL (P2.T1),,,,,4,202083,Wesley Matthews,1610612757.0,Portland,Trail Blazers,POR,5,2546,Carmelo Anthony,1610612752.0,New York,Knicks,NYK,1,0,,,,,,0
0021300210,241,3,11,3,11:23 PM,11:24,,,Anthony Free Throw 1 of 2 (14 PTS),40 - 56,16,5,2546,Carmelo Anthony,1610612752.0,New York,Knicks,NYK,0,0,,,,,,0,0,,,,,,0
0021300210,243,3,12,3,11:23 PM,11:24,,,Anthony Free Throw 2 of 2 (15 PTS),41 - 56,15,5,2546,Carmelo Anthony,1610612752.0,New York,Knicks,NYK,0,0,,,,,,0,0,,,,,,0
0021300210,246,5,11,3,11:25 PM,11:00,TRAIL BLAZERS Turnover: Shot Clock (T#5),,,,,2,1610612757,,,,,,0,0,,,,,,1,0,,,,,,0
0021300210,247,1,7,3,11:25 PM,10:50,,,Martin  Dunk (10 PTS) (Udrih 4 AST),43 - 56,13,5,2030,Kenyon Martin,1610612752.0,New York,Knicks,NYK,5,2757,Beno Udrih,1610612752.0,New York,Knicks,NYK,0,0,,,,,,0
0021300210,248,2,1,3,11:25 PM,10:30,MISS Aldridge 14' Jump Shot,,,,,4,200746,LaMarcus Aldridge,1610612757.0,Portland,Trail Blazers,POR,0,0,,,,,,0,0,,,,,,0
0021300210,250,4,0,3,11:25 PM,10:29,Batum REBOUND (Off:2 Def:2),,,,,4,201587,Nicolas Batum,1610612757.0,Portland,Trail Blazers,POR,0,0,,,,,,0,0,,,,,,0
0021300210,249,1,4,3,11:25 PM,10:29,Batum  Tip Shot (17 PTS),,,43 - 58,15,4,201587,Nicolas Batum,1610612757.0,Portland,Trail Blazers,POR,0,0,,,,,,0,0,,,,,,0
0021300210,251,2,63,3,11:25 PM,10:14,,,MISS Martin 16' Fadeaway Jumper,,,5,2030,Kenyon Martin,1610612752.0,New York,Knicks,NYK,0,0,,,,,,0,0,,,,,,0
0021300210,252,4,0,3,11:26 PM,10:13,Aldridge REBOUND (Off:1 Def:8),,,,,4,200746,LaMarcus Aldridge,1610612757.0,Portland,Trail Blazers,POR,0,0,,,,,,0,0,,,,,,0
0021300210,253,2,5,3,11:26 PM,10:06,MISS Aldridge 1' Layup,,,,,4,200746,LaMarcus Aldridge,1610612757.0,Portland,Trail Blazers,POR,0,0,,,,,,0,0,,,,,,0
0021300210,254,4,0,3,11:26 PM,10:03,Lopez REBOUND (Off:3 Def:0),,,,,4,201577,Robin Lopez,1610612757.0,Portland,Trail Blazers,POR,0,0,,,,,,0,0,,,,,,0
0021300210,255,6,4,3,11:26 PM,9:59,Aldridge OFF.Foul (P3),,,,,4,200746,LaMarcus Aldridge,1610612757.0,Portland,Trail Blazers,POR,5,200745,Andrea Bargnani,1610612752.0,New York,Knicks,NYK,1,0,,,,,,0
0021300210,256,5,5,3,11:26 PM,9:59,Aldridge Foul Turnover (P2.T6),,,,,4,200746,LaMarcus Aldridge,1610612757.0,Portland,Trail Blazers,POR,0,0,,,,,,1,0,,,,,,0
0021300210,257,1,1,3,11:26 PM,9:44,,,Anthony 19' Jump Shot (17 PTS),45 - 58,13,5,2546,Carmelo Anthony,1610612752.0,New York,Knicks,NYK,0,0,,,,,,0,0,,,,,,0
0021300210,258,1,1,3,11:27 PM,9:26,Batum 25' 3PT Jump Shot (20 PTS) (Aldridge 3 AST),,,45 - 61,16,4,201587,Nicolas Batum,1610612757.0,Portland,Trail Blazers,POR,4,200746,LaMarcus Aldridge,1610612757.0,Portland,Trail Blazers,POR,0,0,,,,,,0
0021300210,259,2,1,3,11:27 PM,9:09,,,MISS Anthony 19' Jump Shot,,,5,2546,Carmelo Anthony,1610612752.0,New York,Knicks,NYK,0,0,,,,,,0,0,,,,,,0
0021300210,260,4,0,3,11:27 PM,9:08,,,Martin REBOUND (Off:2 Def:2),,,5,2030,Kenyon Martin,1610612752.0,New York,Knicks,NYK,0,0,,,,,,0,0,,,,,,0
0021300210,261,1,42,3,11:27 PM,8:57,,,Udrih 2' Driving Layup (4 PTS),47 - 61,14,5,2757,Beno Udrih,1610612752.0,New York,Knicks,NYK,0,0,,,,,,0,0,,,,,,0
0021300210,262,2,1,3,11:27 PM,8:41,MISS Matthews 20' Jump Shot,,,,,4,202083,Wesley Matthews,1610612757.0,Portland,Trail Blazers,POR,0,0,,,,,,0,0,,,,,,0
0021300210,263,4,0,3,11:27 PM,8:40,,,Anthony REBOUND (Off:1 Def:6),,,5,2546,Carmelo Anthony,1610612752.0,New York,Knicks,NYK,0,0,,,,,,0,0,,,,,,0
0021300210,264,2,79,3,11:27 PM,8:31,,,MISS Anthony 19' Pullup Jump Shot,,,5,2546,Carmelo Anthony,1610612752.0,New York,Knicks,NYK,0,0,,,,,,0,0,,,,,,0
0021300210,265,4,0,3,11:28 PM,8:29,Matthews REBOUND (Off:0 Def:3),,,,,4,202083,Wesley Matthews,1610612757.0,Portland,Trail Blazers,POR,0,0,,,,,,0,0,,,,,,0
0021300210,266,6,2,3,11:28 PM,8:11,,,Anthony S.FOUL (P2.T1),,,5,2546,Carmelo Anthony,1610612752.0,New York,Knicks,NYK,4,201577,Robin Lopez,1610612757.0,Portland,Trail Blazers,POR,1,0,,,,,,0
0021300210,267,3,11,3,11:28 PM,8:11,Lopez Free Throw 1 of 2 (7 PTS),,,47 - 62,15,4,201577,Robin Lopez,1610612757.0,Portland,Trail Blazers,POR,0,0,,,,,,0,0,,,,,,0
0021300210,269,3,12,3,11:28 PM,8:11,Lopez Free Throw 2 of 2 (8 PTS),,,47 - 63,16,4,201577,Robin Lopez,1610612757.0,Portland,Trail Blazers,POR,0,0,,,,,,0,0,,,,,,0
0021300210,271,5,1,3,11:29 PM,7:56,Lillard STEAL (1 STL),,Udrih Bad Pass Turnover (P1.T4),,,5,2757,Beno Udrih,1610612752.0,New York,Knicks,NYK,4,203081,Damian Lillard,1610612757.0,Portland,Trail Blazers,POR,0,0,,,,,,0
0021300210,272,1,52,3,11:29 PM,7:52,Aldridge  Alley Oop Dunk (6 PTS) (Batum 6 AST),,,47 - 65,18,4,200746,LaMarcus Aldridge,1610612757.0,Portland,Trail Blazers,POR,4,201587,Nicolas Batum,1610612757.0,Portland,Trail Blazers,POR,0,0,,,,,,0
0021300210,273,6,1,3,11:29 PM,7:37,Matthews P.FOUL (P3.T2),,,,,4,202083,Wesley Matthews,1610612757.0,Portland,Trail Blazers,POR,5,2030,Kenyon Martin,1610612752.0,New York,Knicks,NYK,1,0,,,,,,0
0021300210,274,8,0,3,11:30 PM,7:37,,,SUB: Smith FOR Shumpert,,,5,202697,Iman Shumpert,1610612752.0,New York,Knicks,NYK,5,2747,JR Smith,1610612752.0,New York,Knicks,NYK,0,0,,,,,,0
0021300210,275,1,5,3,11:30 PM,7:30,,,Anthony 3' Layup (19 PTS) (Martin 6 AST),49 - 65,16,5,2546,Carmelo Anthony,1610612752.0,New York,Knicks,NYK,5,2030,Kenyon Martin,1610612752.0,New York,Knicks,NYK,0,0,,,,,,0
0021300210,276,6,2,3,11:30 PM,7:16,,,Smith S.FOUL (P3.T2),,,5,2747,JR Smith,1610612752.0,New York,Knicks,NYK,4,202083,Wesley Matthews,1610612757.0,Portland,Trail Blazers,POR,1,0,,,,,,0
0021300210,277,3,11,3,11:30 PM,7:16,Matthews Free Throw 1 of 2 (8 PTS),,,49 - 66,17,4,202083,Wesley Matthews,1610612757.0,Portland,Trail Blazers,POR,0,0,,,,,,0,0,,,,,,0
0021300210,279,3,12,3,11:30 PM,7:16,Matthews Free Throw 2 of 2 (9 PTS),,,49 - 67,18,4,202083,Wesley Matthews,1610612757.0,Portland,Trail Blazers,POR,0,0,,,,,,0,0,,,,,,0
0021300210,281,1,1,3,11:31 PM,7:01,,,Bargnani 20' Jump Shot (8 PTS) (Udrih 5 AST),51 - 67,16,5,200745,Andrea Bargnani,1610612752.0,New York,Knicks,NYK,5,2757,Beno Udrih,1610612752.0,New York,Knicks,NYK,0,0,,,,,,0
0021300210,282,1,80,3,11:31 PM,6:51,Lillard 20' Step Back Jump Shot (14 PTS),,,51 - 69,18,4,203081,Damian Lillard,1610612757.0,Portland,Trail Blazers,POR,0,0,,,,,,0,0,,,,,,0
0021300210,283,2,42,3,11:31 PM,6:42,,,MISS Smith 2' Driving Layup,,,5,2747,JR Smith,1610612752.0,New York,Knicks,NYK,0,0,,,,,,0,0,,,,,,0
0021300210,284,4,0,3,11:31 PM,6:39,Lopez REBOUND (Off:3 Def:1),,,,,4,201577,Robin Lopez,1610612757.0,Portland,Trail Blazers,POR,0,0,,,,,,0,0,,,,,,0
0021300210,285,2,42,3,11:31 PM,6:32,MISS Lillard 2' Driving Layup,,,,,4,203081,Damian Lillard,1610612757.0,Portland,Trail Blazers,POR,0,0,,,,,,0,0,,,,,,0
0021300210,286,4,0,3,11:32 PM,6:30,,,Smith REBOUND (Off:0 Def:1),,,5,2747,JR Smith,1610612752.0,New York,Knicks,NYK,0,0,,,,,,0,0,,,,,,0
0021300210,287,1,42,3,11:32 PM,6:22,,,Anthony 1' Driving Layup (21 PTS),53 - 69,16,5,2546,Carmelo Anthony,1610612752.0,New York,Knicks,NYK,0,0,,,,,,0,0,,,,,,0
0021300210,288,6,2,3,11:32 PM,6:22,Lopez S.FOUL (P1.T3),,,,,4,201577,Robin Lopez,1610612757.0,Portland,Trail Blazers,POR,5,2546,Carmelo Anthony,1610612752.0,New York,Knicks,NYK,1,0,,,,,,0
0021300210,289,3,10,3,11:32 PM,6:22,,,MISS Anthony Free Throw 1 of 1,,,5,2546,Carmelo Anthony,1610612752.0,New York,Knicks,NYK,0,0,,,,,,0,0,,,,,,0
0021300210,291,4,0,3,11:32 PM,6:21,Aldridge REBOUND (Off:1 Def:9),,,,,4,200746,LaMarcus Aldridge,1610612757.0,Portland,Trail Blazers,POR,0,0,,,,,,0,0,,,,,,0
0021300210,292,2,1,3,11:33 PM,6:02,MISS Batum  3PT Jump Shot,,,,,4,201587,Nicolas Batum,1610612757.0,Portland,Trail Blazers,POR,0,0,,,,,,0,0,,,,,,0
0021300210,293,4,0,3,11:33 PM,6:01,,,Anthony REBOUND (Off:1 Def:7),,,5,2546,Carmelo Anthony,1610612752.0,New York,Knicks,NYK,0,0,,,,,,0,0,,,,,,0
0021300210,294,2,1,3,11:33 PM,5:55,,,MISS Anthony 24' 3PT Jump Shot,,,5,2546,Carmelo Anthony,1610612752.0,New York,Knicks,NYK,0,0,,,,,,0,0,,,,,,0
0021300210,295,4,0,3,11:33 PM,5:54,Aldridge REBOUND (Off:1 Def:10),,,,,4,200746,LaMarcus Aldridge,1610612757.0,Portland,Trail Blazers,POR,0,0,,,,,,0,0,,,,,,0
0021300210,297,9,1,3,11:33 PM,5:50,TRAIL BLAZERS Timeout: Regular (Full 3 Short 1),,,,,2,1610612757,,,,,,0,0,,,,,,0,0,,,,,,0
0021300210,299,8,0,3,11:35 PM,5:50,SUB: Watson FOR Lillard,,,,,4,203081,Damian Lillard,1610612757.0,Portland,Trail Blazers,POR,4,2248,Earl Watson,1610612757.0,Portland,Trail Blazers,POR,0,0,,,,,,0
0021300210,300,8,0,3,11:35 PM,5:50,SUB: Wright FOR Matthews,,,,,4,202083,Wesley Matthews,1610612757.0,Portland,Trail Blazers,POR,4,2748,Dorell Wright,1610612757.0,Portland,Trail Blazers,POR,0,0,,,,,,0
0021300210,301,8,0,3,11:35 PM,5:50,,,SUB: Stoudemire FOR Martin,,,5,2030,Kenyon Martin,1610612752.0,New York,Knicks,NYK,5,2405,Amar'e Stoudemire,1610612752.0,New York,Knicks,NYK,0,0,,,,,,0
0021300210,302,1,86,3,11:35 PM,5:44,Aldridge 18' Turnaround Fadeaway (8 PTS),,,53 - 71,18,4,200746,LaMarcus Aldridge,1610612757.0,Portland,Trail Blazers,POR,0,0,,,,,,0,0,,,,,,0
0021300210,303,1,1,3,11:36 PM,5:23,,,Udrih 24' 3PT Jump Shot (7 PTS) (Anthony 1 AST),56 - 71,15,5,2757,Beno Udrih,1610612752.0,New York,Knicks,NYK,5,2546,Carmelo Anthony,1610612752.0,New York,Knicks,NYK,0,0,,,,,,0
0021300210,304,2,5,3,11:36 PM,4:57,MISS Batum 2' Layup,,,,,4,201587,Nicolas Batum,1610612757.0,Portland,Trail Blazers,POR,0,0,,,,,,0,0,,,,,,0
0021300210,305,4,0,3,11:36 PM,4:55,,,Stoudemire REBOUND (Off:3 Def:2),,,5,2405,Amar'e Stoudemire,1610612752.0,New York,Knicks,NYK,0,0,,,,,,0,0,,,,,,0
0021300210,306,1,1,3,11:36 PM,4:41,,,Bargnani 25' 3PT Jump Shot (11 PTS) (Anthony 2 AST),59 - 71,12,5,200745,Andrea Bargnani,1610612752.0,New York,Knicks,NYK,5,2546,Carmelo Anthony,1610612752.0,New York,Knicks,NYK,0,0,,,,,,0
0021300210,307,6,1,3,11:37 PM,4:30,,,Smith P.FOUL (P4.T3),,,5,2747,JR Smith,1610612752.0,New York,Knicks,NYK,4,201587,Nicolas Batum,1610612757.0,Portland,Trail Blazers,POR,1,0,,,,,,0
0021300210,308,8,0,3,11:37 PM,4:30,,,SUB: Shumpert FOR Smith,,,5,2747,JR Smith,1610612752.0,New York,Knicks,NYK,5,202697,Iman Shumpert,1610612752.0,New York,Knicks,NYK,0,0,,,,,,0
0021300210,309,2,1,3,11:37 PM,4:23,MISS Batum 22' Jump Shot,,,,,4,201587,Nicolas Batum,1610612757.0,Portland,Trail Blazers,POR,0,0,,,,,,0,0,,,,,,0
0021300210,310,4,0,3,11:37 PM,4:23,Batum REBOUND (Off:3 Def:2),,,,,4,201587,Nicolas Batum,1610612757.0,Portland,Trail Blazers,POR,0,0,,,,,,0,0,,,,,,0
0021300210,311,2,63,3,11:37 PM,4:12,MISS Aldridge 14' Fadeaway Jumper,,,,,4,200746,LaMarcus Aldridge,1610612757.0,Portland,Trail Blazers,POR,0,0,,,,,,0,0,,,,,,0
0021300210,312,4,0,3,11:37 PM,4:11,,,Anthony REBOUND (Off:1 Def:8),,,5,2546,Carmelo Anthony,1610612752.0,New York,Knicks,NYK,0,0,,,,,,0,0,,,,,,0
0021300210,313,1,5,3,11:38 PM,4:02,,,Stoudemire 1' Layup (8 PTS) (Anthony 3 AST),61 - 71,10,5,2405,Amar'e Stoudemire,1610612752.0,New York,Knicks,NYK,5,2546,Carmelo Anthony,1610612752.0,New York,Knicks,NYK,0,0,,,,,,0
0021300210,314,1,85,3,11:38 PM,3:40,Aldridge 9' Turnaround Bank Shot (10 PTS),,,61 - 73,12,4,200746,LaMarcus Aldridge,1610612757.0,Portland,Trail Blazers,POR,0,0,,,,,,0,0,,,,,,0
0021300210,315,5,1,3,11:38 PM,3:21,,,Stoudemire Bad Pass Turnover (P1.T5),,,5,2405,Amar'e Stoudemire,1610612752.0,New York,Knicks,NYK,0,0,,,,,,0,0,,,,,,0
0021300210,316,2,47,3,11:39 PM,3:05,MISS Aldridge 20' Turnaround Jump Shot,,,,,4,200746,LaMarcus Aldridge,1610612757.0,Portland,Trail Blazers,POR,0,0,,,,,,0,0,,,,,,0
0021300210,317,4,0,3,11:39 PM,3:04,,,Anthony REBOUND (Off:1 Def:9),,,5,2546,Carmelo Anthony,1610612752.0,New York,Knicks,NYK,0,0,,,,,,0,0,,,,,,0
0021300210,318,1,1,3,11:39 PM,2:57,,,Bargnani 16' Jump Shot (13 PTS) (Stoudemire 1 AST),63 - 73,10,5,200745,Andrea Bargnani,1610612752.0,New York,Knicks,NYK,5,2405,Amar'e Stoudemire,1610612752.0,New York,Knicks,NYK,0,0,,,,,,0
0021300210,319,2,5,3,11:39 PM,2:35,MISS Aldridge 3' Layup,,,,,4,200746,LaMarcus Aldridge,1610612757.0,Portland,Trail Blazers,POR,0,0,,,,,,0,0,,,,,,0
0021300210,320,4,0,3,11:39 PM,2:35,TRAIL BLAZERS Rebound,,,,,2,1610612757,,,,,,0,0,,,,,,0,0,,,,,,0
0021300210,321,6,3,3,11:39 PM,2:35,,,Bargnani L.B.FOUL (P1.T4),,,5,200745,Andrea Bargnani,1610612752.0,New York,Knicks,NYK,4,201577,Robin Lopez,1610612757.0,Portland,Trail Blazers,POR,1,0,,,,,,0
0021300210,322,9,1,3,11:39 PM,2:35,,,Knicks Timeout: Regular (Reg.3 Short 0),,,3,1610612752,,,,,,0,0,,,,,,0,0,,,,,,0
0021300210,324,8,0,3,11:41 PM,2:35,SUB: Lillard FOR Watson,,,,,4,2248,Earl Watson,1610612757.0,Portland,Trail Blazers,POR,4,203081,Damian Lillard,1610612757.0,Portland,Trail Blazers,POR,0,0,,,,,,0
0021300210,325,8,0,3,11:42 PM,2:35,SUB: Matthews FOR Batum,,,,,4,201587,Nicolas Batum,1610612757.0,Portland,Trail Blazers,POR,4,202083,Wesley Matthews,1610612757.0,Portland,Trail Blazers,POR,0,0,,,,,,0
0021300210,326,6,2,3,11:42 PM,2:23,,,Shumpert S.FOUL (P3.PN),,,5,202697,Iman Shumpert,1610612752.0,New York,Knicks,NYK,4,201577,Robin Lopez,1610612757.0,Portland,Trail Blazers,POR,1,0,,,,,,0
0021300210,327,3,11,3,11:42 PM,2:23,Lopez Free Throw 1 of 2 (9 PTS),,,63 - 74,11,4,201577,Robin Lopez,1610612757.0,Portland,Trail Blazers,POR,0,0,,,,,,0,0,,,,,,0
0021300210,329,3,12,3,11:43 PM,2:23,MISS Lopez Free Throw 2 of 2,,,,,4,201577,Robin Lopez,1610612757.0,Portland,Trail Blazers,POR,0,0,,,,,,0,0,,,,,,0
0021300210,331,4,0,3,11:43 PM,2:22,,,Anthony REBOUND (Off:1 Def:10),,,5,2546,Carmelo Anthony,1610612752.0,New York,Knicks,NYK,0,0,,,,,,0,0,,,,,,0
0021300210,332,2,1,3,11:43 PM,1:58,,,MISS Shumpert 23' Jump Shot,,,5,202697,Iman Shumpert,1610612752.0,New York,Knicks,NYK,0,0,,,,,,0,0,,,,,,0
0021300210,333,4,0,3,11:43 PM,1:57,Lillard REBOUND (Off:0 Def:3),,,,,4,203081,Damian Lillard,1610612757.0,Portland,Trail Blazers,POR,0,0,,,,,,0,0,,,,,,0
0021300210,334,1,1,3,11:43 PM,1:50,Matthews  3PT Jump Shot (12 PTS) (Lillard 4 AST),,,63 - 77,14,4,202083,Wesley Matthews,1610612757.0,Portland,Trail Blazers,POR,4,203081,Damian Lillard,1610612757.0,Portland,Trail Blazers,POR,0,0,,,,,,0
0021300210,335,2,1,3,11:44 PM,1:36,,,MISS Anthony 19' Jump Shot,,,5,2546,Carmelo Anthony,1610612752.0,New York,Knicks,NYK,0,0,,,,,,0,0,,,,,,0
0021300210,336,4,0,3,11:44 PM,1:35,Wright REBOUND (Off:0 Def:2),,,,,4,2748,Dorell Wright,1610612757.0,Portland,Trail Blazers,POR,0,0,,,,,,0,0,,,,,,0
0021300210,337,2,1,3,11:44 PM,1:27,MISS Lillard 19' Jump Shot,,,,,4,203081,Damian Lillard,1610612757.0,Portland,Trail Blazers,POR,0,0,,,,,,0,0,,,,,,0
0021300210,339,4,0,3,11:44 PM,1:25,Lopez REBOUND (Off:4 Def:1),,,,,4,201577,Robin Lopez,1610612757.0,Portland,Trail Blazers,POR,0,0,,,,,,0,0,,,,,,0
0021300210,338,2,72,3,11:44 PM,1:25,MISS Lopez 3' Putback Layup,,,,,4,201577,Robin Lopez,1610612757.0,Portland,Trail Blazers,POR,0,0,,,,,,0,0,,,,,,0
0021300210,340,4,0,3,11:44 PM,1:24,Aldridge REBOUND (Off:2 Def:10),,,,,4,200746,LaMarcus Aldridge,1610612757.0,Portland,Trail Blazers,POR,0,0,,,,,,0,0,,,,,,0
0021300210,341,1,3,3,11:44 PM,1:22,Aldridge 3' Hook Shot (12 PTS),,,63 - 79,16,4,200746,LaMarcus Aldridge,1610612757.0,Portland,Trail Blazers,POR,0,0,,,,,,0,0,,,,,,0
0021300210,342,9,2,3,11:44 PM,1:22,,,Knicks Timeout: Short (Reg.3 Short 1),,,3,1610612752,,,,,,0,0,,,,,,0,0,,,,,,0
0021300210,344,8,0,3,11:45 PM,1:22,SUB: Freeland FOR Lopez,,,,,4,201577,Robin Lopez,1610612757.0,Portland,Trail Blazers,POR,4,200777,Joel Freeland,1610612757.0,Portland,Trail Blazers,POR,0,0,,,,,,0
0021300210,345,8,0,3,11:45 PM,1:22,,,SUB: Prigioni FOR Udrih,,,5,2757,Beno Udrih,1610612752.0,New York,Knicks,NYK,5,203143,Pablo Prigioni,1610612752.0,New York,Knicks,NYK,0,0,,,,,,0
0021300210,346,2,46,3,11:45 PM,1:07,,,MISS Bargnani 6' Running Jump Shot,,,5,200745,Andrea Bargnani,1610612752.0,New York,Knicks,NYK,0,0,,,,,,0,0,,,,,,0
0021300210,347,4,0,3,11:46 PM,1:06,,,Knicks Rebound,,,3,1610612752,,,,,,0,0,,,,,,0,0,,,,,,0
0021300210,348,6,2,3,11:46 PM,1:00,Wright S.FOUL (P1.T4),,,,,4,2748,Dorell Wright,1610612757.0,Portland,Trail Blazers,POR,5,2546,Carmelo Anthony,1610612752.0,New York,Knicks,NYK,1,0,,,,,,0
0021300210,349,3,11,3,11:46 PM,1:00,,,Anthony Free Throw 1 of 2 (22 PTS),64 - 79,15,5,2546,Carmelo Anthony,1610612752.0,New York,Knicks,NYK,0,0,,,,,,0,0,,,,,,0
0021300210,351,8,0,3,11:46 PM,1:00,,,SUB: World Peace FOR Bargnani,,,5,200745,Andrea Bargnani,1610612752.0,New York,Knicks,NYK,5,1897,Metta World Peace,1610612752.0,New York,Knicks,NYK,0,0,,,,,,0
0021300210,352,3,12,3,11:47 PM,1:00,,,MISS Anthony Free Throw 2 of 2,,,5,2546,Carmelo Anthony,1610612752.0,New York,Knicks,NYK,0,0,,,,,,0,0,,,,,,0
0021300210,354,4,0,3,11:47 PM,0:59,Aldridge REBOUND (Off:2 Def:11),,,,,4,200746,LaMarcus Aldridge,1610612757.0,Portland,Trail Blazers,POR,0,0,,,,,,0,0,,,,,,0
0021300210,355,2,1,3,11:47 PM,0:44,MISS Matthews 24' 3PT Jump Shot,,,,,4,202083,Wesley Matthews,1610612757.0,Portland,Trail Blazers,POR,0,0,,,,,,0,0,,,,,,0
0021300210,356,4,0,3,11:47 PM,0:43,,,Prigioni REBOUND (Off:0 Def:2),,,5,203143,Pablo Prigioni,1610612752.0,New York,Knicks,NYK,0,0,,,,,,0,0,,,,,,0
0021300210,357,1,1,3,11:47 PM,0:34,,,Stoudemire 20' Jump Shot (10 PTS) (World Peace 1 AST),66 - 79,13,5,2405,Amar'e Stoudemire,1610612752.0,New York,Knicks,NYK,5,1897,Metta World Peace,1610612752.0,New York,Knicks,NYK,0,0,,,,,,0
0021300210,358,2,1,3,11:48 PM,0:13,MISS Wright 21' Jump Shot,,,,,4,2748,Dorell Wright,1610612757.0,Portland,Trail Blazers,POR,0,0,,,,,,0,0,,,,,,0
0021300210,359,4,0,3,11:48 PM,0:13,TRAIL BLAZERS Rebound,,,,,2,1610612757,,,,,,0,0,,,,,,0,0,,,,,,0
0021300210,360,6,3,3,11:48 PM,0:13,,,World Peace L.B.FOUL (P1.PN),,,5,1897,Metta World Peace,1610612752.0,New York,Knicks,NYK,4,200746,LaMarcus Aldridge,1610612757.0,Portland,Trail Blazers,POR,1,0,,,,,,0
0021300210,361,3,11,3,11:48 PM,0:13,Aldridge Free Throw 1 of 2 (13 PTS),,,66 - 80,14,4,200746,LaMarcus Aldridge,1610612757.0,Portland,Trail Blazers,POR,0,0,,,,,,0,0,,,,,,0
0021300210,363,8,0,3,11:48 PM,0:13,SUB: Batum FOR Matthews,,,,,4,202083,Wesley Matthews,1610612757.0,Portland,Trail Blazers,POR,4,201587,Nicolas Batum,1610612757.0,Portland,Trail Blazers,POR,0,0,,,,,,0
0021300210,364,3,12,3,11:48 PM,0:13,Aldridge Free Throw 2 of 2 (14 PTS),,,66 - 81,15,4,200746,LaMarcus Aldridge,1610612757.0,Portland,Trail Blazers,POR,0,0,,,,,,0,0,,,,,,0
0021300210,366,1,79,3,11:49 PM,0:00,,,Anthony 25' 3PT Pullup Jump Shot (25 PTS),69 - 81,12,5,2546,Carmelo Anthony,1610612752.0,New York,Knicks,NYK,0,0,,,,,,0,0,,,,,,0
0021300210,367,13,0,3,11:49 PM,0:00,,End of 3rd Period (11:49 PM EST),,69 - 81,12,0,0,,,,,,0,0,,,,,,0,0,,,,,,0
0021300210,369,12,0,4,11:52 PM,12:00,,Start of 4th Period (11:52 PM EST),,69 - 81,12,0,0,,,,,,0,0,,,,,,0,0,,,,,,0
0021300210,370,2,47,4,11:53 PM,11:36,,,MISS Stoudemire 10' Turnaround Jump Shot,,,5,2405,Amar'e Stoudemire,1610612752.0,New York,Knicks,NYK,0,0,,,,,,0,0,,,,,,0
0021300210,371,4,0,4,11:53 PM,11:34,Matthews REBOUND (Off:0 Def:4),,,,,4,202083,Wesley Matthews,1610612757.0,Portland,Trail Blazers,POR,0,0,,,,,,0,0,,,,,,0
0021300210,372,5,39,4,11:53 PM,11:25,Matthews Step Out of Bounds Turnover (P1.T7),,,,,4,202083,Wesley Matthews,1610612757.0,Portland,Trail Blazers,POR,0,0,,,,,,0,0,,,,,,0
0021300210,373,5,4,4,11:53 PM,11:11,,,Stoudemire Traveling Turnover (P2.T6),,,5,2405,Amar'e Stoudemire,1610612752.0,New York,Knicks,NYK,0,0,,,,,,1,0,,,,,,0
0021300210,374,2,1,4,11:54 PM,10:55,MISS Freeland 20' Jump Shot,,,,,4,200777,Joel Freeland,1610612757.0,Portland,Trail Blazers,POR,0,0,,,,,,0,0,,,,,,0
0021300210,375,4,0,4,11:54 PM,10:54,,,Bargnani REBOUND (Off:0 Def:3),,,5,200745,Andrea Bargnani,1610612752.0,New York,Knicks,NYK,0,0,,,,,,0,0,,,,,,0
0021300210,376,1,44,4,11:54 PM,10:43,,,World Peace 3' Reverse Layup (2 PTS) (Bargnani 2 AST),71 - 81,10,5,1897,Metta World Peace,1610612752.0,New York,Knicks,NYK,5,200745,Andrea Bargnani,1610612752.0,New York,Knicks,NYK,0,0,,,,,,0
0021300210,377,2,1,4,11:54 PM,10:21,MISS Lillard 26' 3PT Jump Shot,,,,,4,203081,Damian Lillard,1610612757.0,Portland,Trail Blazers,POR,0,0,,,,,,0,0,,,,,,0
0021300210,378,4,0,4,11:54 PM,10:20,,,Bargnani REBOUND (Off:0 Def:4),,,5,200745,Andrea Bargnani,1610612752.0,New York,Knicks,NYK,0,0,,,,,,0,0,,,,,,0
0021300210,379,1,1,4,11:55 PM,10:10,,,Bargnani 24' 3PT Jump Shot (16 PTS) (Prigioni 1 AST),74 - 81,7,5,200745,Andrea Bargnani,1610612752.0,New York,Knicks,NYK,5,203143,Pablo Prigioni,1610612752.0,New York,Knicks,NYK,0,0,,,,,,0
0021300210,381,6,18,4,11:55 PM,10:09,,,Knicks Foul,,,3,1610612752,,,,,,0,0,,,,,,1,0,,,,,,0
0021300210,382,3,16,4,11:55 PM,10:09,Lillard Free Throw Technical (15 PTS),,,74 - 82,8,4,203081,Damian Lillard,1610612757.0,Portland,Trail Blazers,POR,0,0,,,,,,0,0,,,,,,0
0021300210,384,5,1,4,11:56 PM,9:49,Freeland Bad Pass Turnover (P1.T8),,Shumpert STEAL (1 STL),,,4,200777,Joel Freeland,1610612757.0,Portland,Trail Blazers,POR,5,202697,Iman Shumpert,1610612752.0,New York,Knicks,NYK,0,0,,,,,,0
0021300210,385,2,5,4,11:56 PM,9:45,,,MISS World Peace 3' Layup,,,5,1897,Metta World Peace,1610612752.0,New York,Knicks,NYK,0,0,,,,,,0,0,,,,,,0
0021300210,387,4,0,4,11:56 PM,9:43,,,Stoudemire REBOUND (Off:4 Def:2),,,5,2405,Amar'e Stoudemire,1610612752.0,New York,Knicks,NYK,0,0,,,,,,0,0,,,,,,0
0021300210,386,2,5,4,11:56 PM,9:43,,,MISS Stoudemire 1' Layup,,,5,2405,Amar'e Stoudemire,1610612752.0,New York,Knicks,NYK,0,0,,,,,,0,0,,,,,,0
0021300210,388,4,0,4,11:56 PM,9:42,Batum REBOUND (Off:3 Def:3),,,,,4,201587,Nicolas Batum,1610612757.0,Portland,Trail Blazers,POR,0,0,,,,,,0,0,,,,,,0
0021300210,389,1,7,4,11:56 PM,9:39,Batum  Dunk (22 PTS) (Lillard 5 AST),,,74 - 84,10,4,201587,Nicolas Batum,1610612757.0,Portland,Trail Blazers,POR,4,203081,Damian Lillard,1610612757.0,Portland,Trail Blazers,POR,0,0,,,,,,0
0021300210,390,5,1,4,11:56 PM,9:15,Freeland STEAL (1 STL),,Shumpert Bad Pass Turnover (P2.T7),,,5,202697,Iman Shumpert,1610612752.0,New York,Knicks,NYK,4,200777,Joel Freeland,1610612757.0,Portland,Trail Blazers,POR,0,0,,,,,,0
0021300210,391,1,1,4,11:56 PM,9:09,Matthews  3PT Jump Shot (15 PTS) (Lillard 6 AST),,,74 - 87,13,4,202083,Wesley Matthews,1610612757.0,Portland,Trail Blazers,POR,4,203081,Damian Lillard,1610612757.0,Portland,Trail Blazers,POR,0,0,,,,,,0
0021300210,392,9,1,4,11:56 PM,9:07,,,Knicks Timeout: Regular (Reg.4 Short 1),,,3,1610612752,,,,,,0,0,,,,,,0,0,,,,,,0
0021300210,394,8,0,4,11:58 PM,9:07,,,SUB: Anthony FOR World Peace,,,5,1897,Metta World Peace,1610612752.0,New York,Knicks,NYK,5,2546,Carmelo Anthony,1610612752.0,New York,Knicks,NYK,0,0,,,,,,0
0021300210,395,8,0,4,11:58 PM,9:07,,,SUB: Smith FOR Shumpert,,,5,202697,Iman Shumpert,1610612752.0,New York,Knicks,NYK,5,2747,JR Smith,1610612752.0,New York,Knicks,NYK,0,0,,,,,,0
0021300210,397,6,5,4,11:59 PM,8:51,Robinson IN.FOUL (P1.T1),,,,,4,203080,Thomas Robinson,1610612757.0,Portland,Trail Blazers,POR,5,200745,Andrea Bargnani,1610612752.0,New York,Knicks,NYK,1,0,,,,,,0
0021300210,398,3,11,4,11:59 PM,8:51,,,MISS Bargnani Free Throw 1 of 2,,,5,200745,Andrea Bargnani,1610612752.0,New York,Knicks,NYK,0,0,,,,,,0,0,,,,,,0
0021300210,399,4,1,4,11:59 PM,8:51,,,Knicks Rebound,,,3,1610612752,,,,,,0,0,,,,,,0,0,,,,,,0
0021300210,400,3,12,4,12:00 AM,8:51,,,MISS Bargnani Free Throw 2 of 2,,,5,200745,Andrea Bargnani,1610612752.0,New York,Knicks,NYK,0,0,,,,,,0,0,,,,,,0
0021300210,402,4,0,4,12:00 AM,8:50,Freeland REBOUND (Off:0 Def:1),,,,,4,200777,Joel Freeland,1610612757.0,Portland,Trail Blazers,POR,0,0,,,,,,0,0,,,,,,0
0021300210,403,2,1,4,12:00 AM,8:34,MISS Robinson 21' Jump Shot,,,,,4,203080,Thomas Robinson,1610612757.0,Portland,Trail Blazers,POR,0,0,,,,,,0,0,,,,,,0
0021300210,404,4,0,4,12:00 AM,8:33,,,Anthony REBOUND (Off:1 Def:11),,,5,2546,Carmelo Anthony,1610612752.0,New York,Knicks,NYK,0,0,,,,,,0,0,,,,,,0
0021300210,405,2,5,4,12:00 AM,8:21,,,MISS Stoudemire 1' Layup,,,5,2405,Amar'e Stoudemire,1610612752.0,New York,Knicks,NYK,0,0,,,,,,0,0,,,,,,0
0021300210,406,4,0,4,12:00 AM,8:19,Robinson REBOUND (Off:0 Def:2),,,,,4,203080,Thomas Robinson,1610612757.0,Portland,Trail Blazers,POR,0,0,,,,,,0,0,,,,,,0
0021300210,407,1,80,4,12:01 AM,8:11,Lillard 20' Step Back Jump Shot (17 PTS),,,74 - 89,15,4,203081,Damian Lillard,1610612757.0,Portland,Trail Blazers,POR,0,0,,,,,,0,0,,,,,,0
0021300210,408,5,2,4,12:01 AM,7:54,Batum STEAL (1 STL),,Smith Lost Ball Turnover (P1.T8),,,5,2747,JR Smith,1610612752.0,New York,Knicks,NYK,4,201587,Nicolas Batum,1610612757.0,Portland,Trail Blazers,POR,0,0,,,,,,0
0021300210,409,6,2,4,12:01 AM,7:52,,,Smith S.FOUL (P5.T1),,,5,2747,JR Smith,1610612752.0,New York,Knicks,NYK,4,201587,Nicolas Batum,1610612757.0,Portland,Trail Blazers,POR,1,0,,,,,,0
0021300210,410,3,11,4,12:01 AM,7:52,Batum Free Throw 1 of 2 (23 PTS),,,74 - 90,16,4,201587,Nicolas Batum,1610612757.0,Portland,Trail Blazers,POR,0,0,,,,,,0,0,,,,,,0
0021300210,412,8,0,4,12:02 AM,7:52,SUB: Lopez FOR Freeland,,,,,4,200777,Joel Freeland,1610612757.0,Portland,Trail Blazers,POR,4,201577,Robin Lopez,1610612757.0,Portland,Trail Blazers,POR,0,0,,,,,,0
0021300210,413,8,0,4,12:02 AM,7:52,SUB: Aldridge FOR Robinson,,,,,4,203080,Thomas Robinson,1610612757.0,Portland,Trail Blazers,POR,4,200746,LaMarcus Aldridge,1610612757.0,Portland,Trail Blazers,POR,0,0,,,,,,0
0021300210,414,3,12,4,12:02 AM,7:52,MISS Batum Free Throw 2 of 2,,,,,4,201587,Nicolas Batum,1610612757.0,Portland,Trail Blazers,POR,0,0,,,,,,0,0,,,,,,0
0021300210,416,4,0,4,12:02 AM,7:50,,,Smith REBOUND (Off:0 Def:2),,,5,2747,JR Smith,1610612752.0,New York,Knicks,NYK,0,0,,,,,,0,0,,,,,,0
0021300210,417,1,86,4,12:02 AM,7:27,,,Anthony 17' Turnaround Fadeaway (27 PTS),76 - 90,14,5,2546,Carmelo Anthony,1610612752.0,New York,Knicks,NYK,0,0,,,,,,0,0,,,,,,0
0021300210,418,2,1,4,12:03 AM,7:10,MISS Lopez 13' Jump Shot,,,,,4,201577,Robin Lopez,1610612757.0,Portland,Trail Blazers,POR,0,0,,,,,,0,0,,,,,,0
0021300210,419,4,0,4,12:03 AM,7:10,,,Bargnani REBOUND (Off:0 Def:5),,,5,200745,Andrea Bargnani,1610612752.0,New York,Knicks,NYK,0,0,,,,,,0,0,,,,,,0
0021300210,420,2,79,4,12:03 AM,6:59,,,MISS Anthony 24' 3PT Pullup Jump Shot,,,5,2546,Carmelo Anthony,1610612752.0,New York,Knicks,NYK,0,0,,,,,,0,0,,,,,,0
0021300210,421,4,0,4,12:03 AM,6:59,Batum REBOUND (Off:3 Def:4),,,,,4,201587,Nicolas Batum,1610612757.0,Portland,Trail Blazers,POR,0,0,,,,,,0,0,,,,,,0
0021300210,422,1,1,4,12:03 AM,6:35,Matthews 23' Jump Shot (17 PTS),,,76 - 92,16,4,202083,Wesley Matthews,1610612757.0,Portland,Trail Blazers,POR,0,0,,,,,,0,0,,,,,,0
0021300210,423,2,1,4,12:03 AM,6:21,,,MISS Stoudemire 6' Jump Shot,,,5,2405,Amar'e Stoudemire,1610612752.0,New York,Knicks,NYK,0,0,,,,,,0,0,,,,,,0
0021300210,424,4,0,4,12:03 AM,6:19,,,Anthony REBOUND (Off:2 Def:11),,,5,2546,Carmelo Anthony,1610612752.0,New York,Knicks,NYK,0,0,,,,,,0,0,,,,,,0
0021300210,425,1,5,4,12:03 AM,6:18,,,Anthony  Layup (29 PTS),78 - 92,14,5,2546,Carmelo Anthony,1610612752.0,New York,Knicks,NYK,0,0,,,,,,0,0,,,,,,0
0021300210,426,9,1,4,12:04 AM,6:14,TRAIL BLAZERS Timeout: Regular (Full 4 Short 1),,,,,2,1610612757,,,,,,0,0,,,,,,0,0,,,,,,0
0021300210,428,8,0,4,12:06 AM,6:14,SUB: Watson FOR Lillard,,,,,4,203081,Damian Lillard,1610612757.0,Portland,Trail Blazers,POR,4,2248,Earl Watson,1610612757.0,Portland,Trail Blazers,POR,0,0,,,,,,0
0021300210,429,8,0,4,12:06 AM,6:14,,,SUB: Udrih FOR Prigioni,,,5,203143,Pablo Prigioni,1610612752.0,New York,Knicks,NYK,5,2757,Beno Udrih,1610612752.0,New York,Knicks,NYK,0,0,,,,,,0
0021300210,430,1,5,4,12:07 AM,5:53,Aldridge 1' Layup (16 PTS),,,78 - 94,16,4,200746,LaMarcus Aldridge,1610612757.0,Portland,Trail Blazers,POR,0,0,,,,,,0,0,,,,,,0
0021300210,431,6,1,4,12:07 AM,5:40,Watson P.FOUL (P2.T2),,,,,4,2248,Earl Watson,1610612757.0,Portland,Trail Blazers,POR,5,2546,Carmelo Anthony,1610612752.0,New York,Knicks,NYK,1,0,,,,,,0
0021300210,432,1,63,4,12:07 AM,5:35,,,Anthony 15' Fadeaway Jumper (31 PTS),80 - 94,14,5,2546,Carmelo Anthony,1610612752.0,New York,Knicks,NYK,0,0,,,,,,0,0,,,,,,0
0021300210,433,2,1,4,12:08 AM,5:14,MISS Aldridge 14' Jump Shot,,,,,4,200746,LaMarcus Aldridge,1610612757.0,Portland,Trail Blazers,POR,0,0,,,,,,0,0,,,,,,0
0021300210,434,4,0,4,12:08 AM,5:13,,,Anthony REBOUND (Off:2 Def:12),,,5,2546,Carmelo Anthony,1610612752.0,New York,Knicks,NYK,0,0,,,,,,0,0,,,,,,0
0021300210,435,1,1,4,12:08 AM,5:02,,,Smith 21' Jump Shot (6 PTS) (Stoudemire 2 AST),82 - 94,12,5,2747,JR Smith,1610612752.0,New York,Knicks,NYK,5,2405,Amar'e Stoudemire,1610612752.0,New York,Knicks,NYK,0,0,,,,,,0
0021300210,436,5,1,4,12:08 AM,4:47,Batum Bad Pass Turnover (P1.T9),,Udrih STEAL (1 STL),,,4,201587,Nicolas Batum,1610612757.0,Portland,Trail Blazers,POR,5,2757,Beno Udrih,1610612752.0,New York,Knicks,NYK,0,0,,,,,,0
0021300210,437,1,1,4,12:08 AM,4:39,,,Udrih  3PT Jump Shot (10 PTS) (Smith 3 AST),85 - 94,9,5,2757,Beno Udrih,1610612752.0,New York,Knicks,NYK,5,2747,JR Smith,1610612752.0,New York,Knicks,NYK,0,0,,,,,,0
0021300210,438,9,1,4,12:08 AM,4:39,TRAIL BLAZERS Timeout: Regular (Full 5 Short 1),,,,,2,1610612757,,,,,,0,0,,,,,,0,0,,,,,,0
0021300210,440,8,0,4,12:10 AM,4:39,SUB: Lillard FOR Watson,,,,,4,2248,Earl Watson,1610612757.0,Portland,Trail Blazers,POR,4,203081,Damian Lillard,1610612757.0,Portland,Trail Blazers,POR,0,0,,,,,,0
0021300210,441,1,57,4,12:11 AM,4:22,Aldridge 3' Driving Hook Shot (18 PTS),,,85 - 96,11,4,200746,LaMarcus Aldridge,1610612757.0,Portland,Trail Blazers,POR,0,0,,,,,,0,0,,,,,,0
0021300210,442,2,1,4,12:11 AM,4:05,,,MISS Bargnani 22' Jump Shot,,,5,200745,Andrea Bargnani,1610612752.0,New York,Knicks,NYK,0,0,,,,,,0,0,,,,,,0
0021300210,443,4,0,4,12:11 AM,4:03,Lopez REBOUND (Off:4 Def:2),,,,,4,201577,Robin Lopez,1610612757.0,Portland,Trail Blazers,POR,0,0,,,,,,0,0,,,,,,0
0021300210,444,2,1,4,12:11 AM,3:50,MISS Aldridge 19' Jump Shot,,,,,4,200746,LaMarcus Aldridge,1610612757.0,Portland,Trail Blazers,POR,0,0,,,,,,0,0,,,,,,0
0021300210,445,4,0,4,12:11 AM,3:49,,,Smith REBOUND (Off:0 Def:3),,,5,2747,JR Smith,1610612752.0,New York,Knicks,NYK,0,0,,,,,,0,0,,,,,,0
0021300210,446,5,1,4,12:12 AM,3:40,,,Bargnani Bad Pass Turnover (P1.T9),,,5,200745,Andrea Bargnani,1610612752.0,New York,Knicks,NYK,0,0,,,,,,0,0,,,,,,0
0021300210,447,8,0,4,12:12 AM,3:40,,,SUB: Martin FOR Stoudemire,,,5,2405,Amar'e Stoudemire,1610612752.0,New York,Knicks,NYK,5,2030,Kenyon Martin,1610612752.0,New York,Knicks,NYK,0,0,,,,,,0
0021300210,448,2,1,4,12:12 AM,3:15,MISS Matthews 24' 3PT Jump Shot,,,,,4,202083,Wesley Matthews,1610612757.0,Portland,Trail Blazers,POR,0,0,,,,,,0,0,,,,,,0
0021300210,449,4,0,4,12:12 AM,3:14,Lillard REBOUND (Off:1 Def:3),,,,,4,203081,Damian Lillard,1610612757.0,Portland,Trail Blazers,POR,0,0,,,,,,0,0,,,,,,0
0021300210,450,2,1,4,12:13 AM,2:56,MISS Lillard 24' 3PT Jump Shot,,,,,4,203081,Damian Lillard,1610612757.0,Portland,Trail Blazers,POR,0,0,,,,,,0,0,,,,,,0
0021300210,451,4,0,4,12:13 AM,2:55,,,Anthony REBOUND (Off:2 Def:13),,,5,2546,Carmelo Anthony,1610612752.0,New York,Knicks,NYK,0,0,,,,,,0,0,,,,,,0
0021300210,452,2,1,4,12:13 AM,2:46,,,MISS Smith 25' 3PT Jump Shot,,,5,2747,JR Smith,1610612752.0,New York,Knicks,NYK,0,0,,,,,,0,0,,,,,,0
0021300210,453,4,0,4,12:13 AM,2:44,Matthews REBOUND (Off:0 Def:5),,,,,4,202083,Wesley Matthews,1610612757.0,Portland,Trail Blazers,POR,0,0,,,,,,0,0,,,,,,0
0021300210,454,6,2,4,12:13 AM,2:35,,,Martin S.FOUL (P2.T2),,,5,2030,Kenyon Martin,1610612752.0,New York,Knicks,NYK,4,203081,Damian Lillard,1610612757.0,Portland,Trail Blazers,POR,1,0,,,,,,0
0021300210,455,3,11,4,12:13 AM,2:35,Lillard Free Throw 1 of 2 (18 PTS),,,85 - 97,12,4,203081,Damian Lillard,1610612757.0,Portland,Trail Blazers,POR,0,0,,,,,,0,0,,,,,,0
0021300210,457,3,12,4,12:13 AM,2:35,Lillard Free Throw 2 of 2 (19 PTS),,,85 - 98,13,4,203081,Damian Lillard,1610612757.0,Portland,Trail Blazers,POR,0,0,,,,,,0,0,,,,,,0
0021300210,459,1,1,4,12:14 AM,2:23,,,Udrih  3PT Jump Shot (13 PTS) (Bargnani 3 AST),88 - 98,10,5,2757,Beno Udrih,1610612752.0,New York,Knicks,NYK,5,200745,Andrea Bargnani,1610612752.0,New York,Knicks,NYK,0,0,,,,,,0
0021300210,460,2,56,4,12:14 AM,2:00,MISS Aldridge 4' Running Hook Shot,,,,,4,200746,LaMarcus Aldridge,1610612757.0,Portland,Trail Blazers,POR,0,0,,,,,,0,0,,,,,,0
0021300210,461,4,0,4,12:14 AM,1:58,,,Udrih REBOUND (Off:0 Def:5),,,5,2757,Beno Udrih,1610612752.0,New York,Knicks,NYK,0,0,,,,,,0,0,,,,,,0
0021300210,462,1,1,4,12:15 AM,1:47,,,Anthony 10' Jump Shot (33 PTS),90 - 98,8,5,2546,Carmelo Anthony,1610612752.0,New York,Knicks,NYK,0,0,,,,,,0,0,,,,,,0
0021300210,463,6,2,4,12:15 AM,1:47,Matthews S.FOUL (P4.T3),,,,,4,202083,Wesley Matthews,1610612757.0,Portland,Trail Blazers,POR,5,2546,Carmelo Anthony,1610612752.0,New York,Knicks,NYK,1,0,,,,,,0
0021300210,464,3,10,4,12:15 AM,1:47,,,Anthony Free Throw 1 of 1 (34 PTS),91 - 98,7,5,2546,Carmelo Anthony,1610612752.0,New York,Knicks,NYK,0,0,,,,,,0,0,,,,,,0
0021300210,466,1,79,4,12:15 AM,1:31,Lillard 16' Pullup Jump Shot (21 PTS),,,91 - 100,9,4,203081,Damian Lillard,1610612757.0,Portland,Trail Blazers,POR,0,0,,,,,,0,0,,,,,,0
0021300210,467,2,1,4,12:16 AM,1:15,,,MISS Martin 5' Jump Shot,,,5,2030,Kenyon Martin,1610612752.0,New York,Knicks,NYK,0,0,,,,,,0,0,,,,,,0
0021300210,468,4,0,4,12:16 AM,1:14,,,Martin REBOUND (Off:3 Def:2),,,5,2030,Kenyon Martin,1610612752.0,New York,Knicks,NYK,0,0,,,,,,0,0,,,,,,0
0021300210,469,9,1,4,12:16 AM,1:14,,,Knicks Timeout: Regular (Reg.5 Short 1),,,3,1610612752,,,,,,0,0,,,,,,0,0,,,,,,0
0021300210,471,8,0,4,12:17 AM,1:14,,,SUB: Stoudemire FOR Martin,,,5,2030,Kenyon Martin,1610612752.0,New York,Knicks,NYK,5,2405,Amar'e Stoudemire,1610612752.0,New York,Knicks,NYK,0,0,,,,,,0
0021300210,472,2,1,4,12:18 AM,1:06,,,MISS Anthony 11' Jump Shot,,,5,2546,Carmelo Anthony,1610612752.0,New York,Knicks,NYK,0,0,,,,,,0,0,,,,,,0
0021300210,473,4,0,4,12:18 AM,1:05,,,Bargnani REBOUND (Off:1 Def:5),,,5,200745,Andrea Bargnani,1610612752.0,New York,Knicks,NYK,0,0,,,,,,0,0,,,,,,0
0021300210,474,2,47,4,12:18 AM,1:03,,,MISS Bargnani 10' Turnaround Jump Shot,,,5,200745,Andrea Bargnani,1610612752.0,New York,Knicks,NYK,0,0,,,,,,0,0,,,,,,0
0021300210,475,4,0,4,12:18 AM,1:01,Lopez REBOUND (Off:4 Def:3),,,,,4,201577,Robin Lopez,1610612757.0,Portland,Trail Blazers,POR,0,0,,,,,,0,0,,,,,,0
0021300210,476,1,46,4,12:18 AM,0:45,Lillard 11' Running Jump Shot (23 PTS),,,91 - 102,11,4,203081,Damian Lillard,1610612757.0,Portland,Trail Blazers,POR,0,0,,,,,,0,0,,,,,,0
0021300210,477,2,1,4,12:19 AM,0:36,,,MISS Smith 22' Jump Shot,,,5,2747,JR Smith,1610612752.0,New York,Knicks,NYK,0,0,,,,,,0,0,,,,,,0
0021300210,478,4,0,4,12:19 AM,0:35,Matthews REBOUND (Off:0 Def:6),,,,,4,202083,Wesley Matthews,1610612757.0,Portland,Trail Blazers,POR,0,0,,,,,,0,0,,,,,,0
0021300210,479,2,1,4,12:19 AM,0:12,MISS Lillard 25' 3PT Jump Shot,,,,,4,203081,Damian Lillard,1610612757.0,Portland,Trail Blazers,POR,0,0,,,,,,0,0,,,,,,0
0021300210,480,4,0,4,12:19 AM,0:11,,,Smith REBOUND (Off:0 Def:4),,,5,2747,JR Smith,1610612752.0,New York,Knicks,NYK,0,0,,,,,,0,0,,,,,,0
0021300210,482,2,5,4,12:19 AM,0:05,,,MISS Smith 2' Layup,,,5,2747,JR Smith,1610612752.0,New York,Knicks,NYK,0,0,,,,,,0,0,,,,,,0
0021300210,483,4,0,4,12:19 AM,0:03,Aldridge REBOUND (Off:2 Def:12),,,,,4,200746,LaMarcus Aldridge,1610612757.0,Portland,Trail Blazers,POR,0,0,,,,,,0,0,,,,,,0
0021300210,484,13,0,4,12:19 AM,0:00,,End of 4th Period (12:19 AM EST),,91 - 102,11,0,0,,,,,,0,0,,,,,,0,0,,,,,,0
