GAME_ID,EVENTNUM,EVENTMSGTYPE,EVENTMSGACTIONTYPE,PERIOD,WCTIMESTRING,PCTIMESTRING,HOMEDESCRIPTION,NEUTRALDESCRIPTION,VISITORDESCRIPTION,SCORE,SCOREMARGIN,PERSON1TYPE,PLAYER1_ID,PLAYER1_NAME,PLAYER1_TEAM_ID,PLAYER1_TEAM_CITY,PLAYER1_TEAM_NICKNAME,PLAYER1_TEAM_ABBREVIATION,PERSON2TYPE,PLAYER2_ID,PLAYER2_NAME,PLAYER2_TEAM_ID,PLAYER2_TEAM_CITY,PLAYER2_TEAM_NICKNAME,PLAYER2_TEAM_ABBREVIATION,PERSON3TYPE,PLAYER3_ID,PLAYER3_NAME,PLAYER3_TEAM_ID,PLAYER3_TEAM_CITY,PLAYER3_TEAM_NICKNAME,PLAYER3_TEAM_ABBREVIATION,VIDEO_AVAILABLE_FLAG
0021300031,0,12,0,1,10:12 PM,12:00,,Start of 1st Period (10:12 PM EST),,,,0,0,,,,,,0,0,,,,,,0,0,,,,,,0
0021300031,1,10,0,1,10:12 PM,12:00,Jump Ball Cousins vs. Jordan: Tip to Vasquez,,,,,4,202326,DeMarcus Cousins,1610612758.0,Sacramento,Kings,SAC,5,201599,DeAndre Jordan,1610612746.0,Los Angeles,Clippers,LAC,4,202349,Greivis Vasquez,1610612758.0,Sacramento,Kings,SAC,0
0021300031,2,1,66,1,10:12 PM,11:39,Cousins 16' Jump Bank Shot (2 PTS),,,0 - 2,2,4,202326,DeMarcus Cousins,1610612758.0,Sacramento,Kings,SAC,0,0,,,,,,0,0,,,,,,0
0021300031,3,1,1,1,10:12 PM,11:22,,,Redick 19' Jump Shot (2 PTS) (Paul 1 AST),2 - 2,TIE,5,200755,JJ Redick,1610612746.0,Los Angeles,Clippers,LAC,5,101108,Chris Paul,1610612746.0,Los Angeles,Clippers,LAC,0,0,,,,,,0
0021300031,4,5,4,1,10:13 PM,11:09,Cousins Traveling Turnover (P1.T1),,,,,4,202326,DeMarcus Cousins,1610612758.0,Sacramento,Kings,SAC,0,0,,,,,,1,0,,,,,,0
0021300031,5,2,5,1,10:13 PM,10:57,,,MISS Griffin 3' Layup,,,5,201933,Blake Griffin,1610612746.0,Los Angeles,Clippers,LAC,0,0,,,,,,0,0,,,,,,0
0021300031,6,4,0,1,10:13 PM,10:56,,,Griffin REBOUND (Off:1 Def:0),,,5,201933,Blake Griffin,1610612746.0,Los Angeles,Clippers,LAC,0,0,,,,,,0,0,,,,,,0
0021300031,7,2,52,1,10:13 PM,10:51,,,MISS Jordan 2' Alley Oop Dunk,,,5,201599,DeAndre Jordan,1610612746.0,Los Angeles,Clippers,LAC,0,0,,,,,,0,0,,,,,,0
0021300031,8,4,0,1,10:13 PM,10:49,Patterson REBOUND (Off:0 Def:1),,,,,4,202335,Patrick Patterson,1610612758.0,Sacramento,Kings,SAC,0,0,,,,,,0,0,,,,,,0
0021300031,9,2,1,1,10:13 PM,10:41,MISS Salmons 7' Jump Shot,,,,,4,2422,John Salmons,1610612758.0,Sacramento,Kings,SAC,0,0,,,,,,0,0,,,,,,0
0021300031,10,4,0,1,10:13 PM,10:40,,,Jordan REBOUND (Off:0 Def:1),,,5,201599,DeAndre Jordan,1610612746.0,Los Angeles,Clippers,LAC,0,0,,,,,,0,0,,,,,,0
0021300031,11,1,5,1,10:13 PM,10:33,,,Griffin 2' Layup (2 PTS) (Paul 2 AST),4 - 2,-2,5,201933,Blake Griffin,1610612746.0,Los Angeles,Clippers,LAC,5,101108,Chris Paul,1610612746.0,Los Angeles,Clippers,LAC,0,0,,,,,,0
0021300031,12,2,1,1,10:14 PM,10:06,MISS Cousins 16' Jump Shot,,,,,4,202326,DeMarcus Cousins,1610612758.0,Sacramento,Kings,SAC,0,0,,,,,,0,0,,,,,,0
0021300031,13,4,0,1,10:14 PM,10:05,,,Paul REBOUND (Off:0 Def:1),,,5,101108,Chris Paul,1610612746.0,Los Angeles,Clippers,LAC,0,0,,,,,,0,0,,,,,,0
0021300031,14,6,17,1,10:14 PM,9:52,KINGS T.Foul (Def. 3 Sec Cousins ),,,,,4,202326,DeMarcus Cousins,1610612758.0,Sacramento,Kings,SAC,0,0,,,,,,1,0,,,,,,0
0021300031,15,3,16,1,10:14 PM,9:52,,,Redick Free Throw Technical (3 PTS),5 - 2,-3,5,200755,JJ Redick,1610612746.0,Los Angeles,Clippers,LAC,0,0,,,,,,0,0,,,,,,0
0021300031,17,5,1,1,10:15 PM,9:46,Salmons STEAL (1 STL),,Jordan Bad Pass Turnover (P1.T1),,,5,201599,DeAndre Jordan,1610612746.0,Los Angeles,Clippers,LAC,4,2422,John Salmons,1610612758.0,Sacramento,Kings,SAC,0,0,,,,,,0
0021300031,19,2,1,1,10:15 PM,9:36,MISS Vasquez 18' Jump Shot,,,,,4,202349,Greivis Vasquez,1610612758.0,Sacramento,Kings,SAC,0,0,,,,,,0,0,,,,,,0
0021300031,20,4,0,1,10:15 PM,9:36,,,Griffin REBOUND (Off:1 Def:1),,,5,201933,Blake Griffin,1610612746.0,Los Angeles,Clippers,LAC,0,0,,,,,,0,0,,,,,,0
0021300031,21,2,1,1,10:15 PM,9:18,,,MISS Redick 25' 3PT Jump Shot,,,5,200755,JJ Redick,1610612746.0,Los Angeles,Clippers,LAC,0,0,,,,,,0,0,,,,,,0
0021300031,22,4,0,1,10:15 PM,9:18,Cousins REBOUND (Off:0 Def:1),,,,,4,202326,DeMarcus Cousins,1610612758.0,Sacramento,Kings,SAC,0,0,,,,,,0,0,,,,,,0
0021300031,23,2,46,1,10:16 PM,9:04,MISS Thornton 4' Running Jump Shot,,,,,4,201977,Marcus Thornton,1610612758.0,Sacramento,Kings,SAC,0,0,,,,,,0,0,,,,,,0
0021300031,25,4,0,1,10:16 PM,9:03,Patterson REBOUND (Off:1 Def:1),,,,,4,202335,Patrick Patterson,1610612758.0,Sacramento,Kings,SAC,0,0,,,,,,0,0,,,,,,0
0021300031,24,1,4,1,10:16 PM,9:03,Patterson 2' Tip Shot (2 PTS),,,5 - 4,-1,4,202335,Patrick Patterson,1610612758.0,Sacramento,Kings,SAC,0,0,,,,,,0,0,,,,,,0
0021300031,26,1,1,1,10:16 PM,8:53,,,Jordan 6' Jump Shot (2 PTS) (Paul 3 AST),7 - 4,-3,5,201599,DeAndre Jordan,1610612746.0,Los Angeles,Clippers,LAC,5,101108,Chris Paul,1610612746.0,Los Angeles,Clippers,LAC,0,0,,,,,,0
0021300031,27,1,5,1,10:16 PM,8:40,Thornton 1' Layup (2 PTS) (Patterson 1 AST),,,7 - 6,-1,4,201977,Marcus Thornton,1610612758.0,Sacramento,Kings,SAC,4,202335,Patrick Patterson,1610612758.0,Sacramento,Kings,SAC,0,0,,,,,,0
0021300031,28,7,1,1,10:16 PM,8:40,KINGS Violation: Delay of game Violation,,,,,2,1610612758,,,,,,0,0,,,,,,1,0,,,,,,0
0021300031,31,6,1,1,10:17 PM,8:22,Patterson P.FOUL (P1.T1),,,,,4,202335,Patrick Patterson,1610612758.0,Sacramento,Kings,SAC,5,201933,Blake Griffin,1610612746.0,Los Angeles,Clippers,LAC,1,0,,,,,,0
0021300031,32,2,1,1,10:17 PM,8:16,,,MISS Paul 15' Jump Shot,,,5,101108,Chris Paul,1610612746.0,Los Angeles,Clippers,LAC,0,0,,,,,,0,0,,,,,,0
0021300031,33,4,0,1,10:17 PM,8:14,Cousins REBOUND (Off:0 Def:2),,,,,4,202326,DeMarcus Cousins,1610612758.0,Sacramento,Kings,SAC,0,0,,,,,,0,0,,,,,,0
0021300031,34,1,52,1,10:17 PM,8:03,Cousins 2' Alley Oop Dunk (4 PTS) (Thornton 1 AST),,,7 - 8,1,4,202326,DeMarcus Cousins,1610612758.0,Sacramento,Kings,SAC,4,201977,Marcus Thornton,1610612758.0,Sacramento,Kings,SAC,0,0,,,,,,0
0021300031,35,1,8,1,10:18 PM,7:42,,,Griffin 2' Slam Dunk (4 PTS) (Redick 1 AST),9 - 8,-1,5,201933,Blake Griffin,1610612746.0,Los Angeles,Clippers,LAC,5,200755,JJ Redick,1610612746.0,Los Angeles,Clippers,LAC,0,0,,,,,,0
0021300031,36,1,1,1,10:18 PM,7:21,Cousins 18' Jump Shot (6 PTS) (Vasquez 1 AST),,,9 - 10,1,4,202326,DeMarcus Cousins,1610612758.0,Sacramento,Kings,SAC,4,202349,Greivis Vasquez,1610612758.0,Sacramento,Kings,SAC,0,0,,,,,,0
0021300031,37,2,1,1,10:18 PM,7:09,Salmons BLOCK (1 BLK),,MISS Dudley 18' Jump Shot,,,5,201162,Jared Dudley,1610612746.0,Los Angeles,Clippers,LAC,0,0,,,,,,4,2422,John Salmons,1610612758.0,Sacramento,Kings,SAC,0
0021300031,38,4,0,1,10:18 PM,7:07,Vasquez REBOUND (Off:0 Def:1),,,,,4,202349,Greivis Vasquez,1610612758.0,Sacramento,Kings,SAC,0,0,,,,,,0,0,,,,,,0
0021300031,39,2,1,1,10:18 PM,7:00,MISS Patterson 25' 3PT Jump Shot,,,,,4,202335,Patrick Patterson,1610612758.0,Sacramento,Kings,SAC,0,0,,,,,,0,0,,,,,,0
0021300031,40,4,0,1,10:18 PM,6:59,,,Jordan REBOUND (Off:0 Def:2),,,5,201599,DeAndre Jordan,1610612746.0,Los Angeles,Clippers,LAC,0,0,,,,,,0,0,,,,,,0
0021300031,41,2,1,1,10:18 PM,6:50,,,MISS Griffin 19' Jump Shot,,,5,201933,Blake Griffin,1610612746.0,Los Angeles,Clippers,LAC,0,0,,,,,,0,0,,,,,,0
0021300031,42,4,0,1,10:18 PM,6:49,Cousins REBOUND (Off:0 Def:3),,,,,4,202326,DeMarcus Cousins,1610612758.0,Sacramento,Kings,SAC,0,0,,,,,,0,0,,,,,,0
0021300031,43,1,1,1,10:19 PM,6:42,Thornton 25' 3PT Jump Shot (5 PTS) (Vasquez 2 AST),,,9 - 13,4,4,201977,Marcus Thornton,1610612758.0,Sacramento,Kings,SAC,4,202349,Greivis Vasquez,1610612758.0,Sacramento,Kings,SAC,0,0,,,,,,0
0021300031,44,9,1,1,10:19 PM,6:30,,,Clippers Timeout: Regular (Reg.1 Short 0),,,3,1610612746,,,,,,0,0,,,,,,0,0,,,,,,0
0021300031,47,8,0,1,10:21 PM,6:30,,,SUB: Barnes FOR Dudley,,,5,201162,Jared Dudley,1610612746.0,Los Angeles,Clippers,LAC,5,2440,Matt Barnes,1610612746.0,Los Angeles,Clippers,LAC,0,0,,,,,,0
0021300031,48,1,63,1,10:22 PM,6:15,,,Redick 9' Fadeaway Jumper (5 PTS),11 - 13,2,5,200755,JJ Redick,1610612746.0,Los Angeles,Clippers,LAC,0,0,,,,,,0,0,,,,,,0
0021300031,49,2,65,1,10:22 PM,5:48,MISS Cousins 9' Jump Hook Shot,,,,,4,202326,DeMarcus Cousins,1610612758.0,Sacramento,Kings,SAC,0,0,,,,,,0,0,,,,,,0
0021300031,50,4,0,1,10:22 PM,5:47,Cousins REBOUND (Off:1 Def:3),,,,,4,202326,DeMarcus Cousins,1610612758.0,Sacramento,Kings,SAC,0,0,,,,,,0,0,,,,,,0
0021300031,51,5,2,1,10:22 PM,5:45,Cousins Lost Ball Turnover (P2.T2),,Redick STEAL (1 STL),,,4,202326,DeMarcus Cousins,1610612758.0,Sacramento,Kings,SAC,5,200755,JJ Redick,1610612746.0,Los Angeles,Clippers,LAC,0,0,,,,,,0
0021300031,52,1,1,1,10:22 PM,5:37,,,Barnes  3PT Jump Shot (3 PTS) (Griffin 1 AST),14 - 13,-1,5,2440,Matt Barnes,1610612746.0,Los Angeles,Clippers,LAC,5,201933,Blake Griffin,1610612746.0,Los Angeles,Clippers,LAC,0,0,,,,,,0
0021300031,53,2,5,1,10:23 PM,5:18,MISS Cousins 3' Layup,,,,,4,202326,DeMarcus Cousins,1610612758.0,Sacramento,Kings,SAC,0,0,,,,,,0,0,,,,,,0
0021300031,54,4,0,1,10:23 PM,5:17,,,Griffin REBOUND (Off:1 Def:2),,,5,201933,Blake Griffin,1610612746.0,Los Angeles,Clippers,LAC,0,0,,,,,,0,0,,,,,,0
0021300031,55,1,1,1,10:23 PM,5:12,,,Redick 24' 3PT Jump Shot (8 PTS) (Paul 4 AST),17 - 13,-4,5,200755,JJ Redick,1610612746.0,Los Angeles,Clippers,LAC,5,101108,Chris Paul,1610612746.0,Los Angeles,Clippers,LAC,0,0,,,,,,0
0021300031,56,2,1,1,10:23 PM,4:53,MISS Patterson 25' 3PT Jump Shot,,,,,4,202335,Patrick Patterson,1610612758.0,Sacramento,Kings,SAC,0,0,,,,,,0,0,,,,,,0
0021300031,57,4,0,1,10:23 PM,4:53,,,Barnes REBOUND (Off:0 Def:1),,,5,2440,Matt Barnes,1610612746.0,Los Angeles,Clippers,LAC,0,0,,,,,,0,0,,,,,,0
0021300031,58,1,5,1,10:23 PM,4:45,,,Griffin 3' Layup (6 PTS) (Barnes 1 AST),19 - 13,-6,5,201933,Blake Griffin,1610612746.0,Los Angeles,Clippers,LAC,5,2440,Matt Barnes,1610612746.0,Los Angeles,Clippers,LAC,0,0,,,,,,0
0021300031,59,9,1,1,10:23 PM,4:36,KINGS Timeout: Regular (Full 1 Short 0),,,,,2,1610612758,,,,,,0,0,,,,,,0,0,,,,,,0
0021300031,63,2,1,1,10:26 PM,4:21,MISS Salmons 7' Jump Shot,,,,,4,2422,John Salmons,1610612758.0,Sacramento,Kings,SAC,0,0,,,,,,0,0,,,,,,0
0021300031,64,4,0,1,10:26 PM,4:21,,,Clippers Rebound,,,3,1610612746,,,,,,0,0,,,,,,0,0,,,,,,0
0021300031,65,2,1,1,10:27 PM,4:10,,,MISS Redick 25' 3PT Jump Shot,,,5,200755,JJ Redick,1610612746.0,Los Angeles,Clippers,LAC,0,0,,,,,,0,0,,,,,,0
0021300031,66,4,0,1,10:27 PM,4:09,,,Griffin REBOUND (Off:2 Def:2),,,5,201933,Blake Griffin,1610612746.0,Los Angeles,Clippers,LAC,0,0,,,,,,0,0,,,,,,0
0021300031,67,1,63,1,10:27 PM,4:01,,,Paul 12' Fadeaway Jumper (2 PTS),21 - 13,-8,5,101108,Chris Paul,1610612746.0,Los Angeles,Clippers,LAC,0,0,,,,,,0,0,,,,,,0
0021300031,68,2,7,1,10:27 PM,3:40,MISS Salmons 3' Dunk,,Griffin BLOCK (1 BLK),,,4,2422,John Salmons,1610612758.0,Sacramento,Kings,SAC,0,0,,,,,,5,201933,Blake Griffin,1610612746.0,Los Angeles,Clippers,LAC,0
0021300031,69,4,0,1,10:27 PM,3:40,KINGS Rebound,,,,,2,1610612758,,,,,,0,0,,,,,,0,0,,,,,,0
0021300031,70,8,0,1,10:27 PM,3:40,SUB: Thomas FOR Vasquez,,,,,4,202349,Greivis Vasquez,1610612758.0,Sacramento,Kings,SAC,4,202738,Isaiah Thomas,1610612758.0,Sacramento,Kings,SAC,0,0,,,,,,0
0021300031,71,1,66,1,10:27 PM,3:36,Patterson 6' Jump Bank Shot (4 PTS) (Salmons 1 AST),,,21 - 15,-6,4,202335,Patrick Patterson,1610612758.0,Sacramento,Kings,SAC,4,2422,John Salmons,1610612758.0,Sacramento,Kings,SAC,0,0,,,,,,0
0021300031,72,6,2,1,10:28 PM,3:33,Thornton S.FOUL (P1.T2),,,,,4,201977,Marcus Thornton,1610612758.0,Sacramento,Kings,SAC,5,2440,Matt Barnes,1610612746.0,Los Angeles,Clippers,LAC,1,0,,,,,,0
0021300031,73,3,11,1,10:28 PM,3:33,,,Barnes Free Throw 1 of 2 (4 PTS),22 - 15,-7,5,2440,Matt Barnes,1610612746.0,Los Angeles,Clippers,LAC,0,0,,,,,,0,0,,,,,,0
0021300031,75,8,0,1,10:28 PM,3:33,,,SUB: Crawford FOR Redick,,,5,200755,JJ Redick,1610612746.0,Los Angeles,Clippers,LAC,5,2037,Jamal Crawford,1610612746.0,Los Angeles,Clippers,LAC,0,0,,,,,,0
0021300031,76,8,0,1,10:28 PM,3:33,SUB: Thompson FOR Patterson,,,,,4,202335,Patrick Patterson,1610612758.0,Sacramento,Kings,SAC,4,201574,Jason Thompson,1610612758.0,Sacramento,Kings,SAC,0,0,,,,,,0
0021300031,77,3,12,1,10:28 PM,3:33,,,MISS Barnes Free Throw 2 of 2,,,5,2440,Matt Barnes,1610612746.0,Los Angeles,Clippers,LAC,0,0,,,,,,0,0,,,,,,0
0021300031,79,4,0,1,10:28 PM,3:32,Cousins REBOUND (Off:1 Def:4),,,,,4,202326,DeMarcus Cousins,1610612758.0,Sacramento,Kings,SAC,0,0,,,,,,0,0,,,,,,0
0021300031,80,1,1,1,10:29 PM,3:15,Thomas  3PT Jump Shot (3 PTS) (Salmons 2 AST),,,22 - 18,-4,4,202738,Isaiah Thomas,1610612758.0,Sacramento,Kings,SAC,4,2422,John Salmons,1610612758.0,Sacramento,Kings,SAC,0,0,,,,,,0
0021300031,81,2,1,1,10:29 PM,2:53,,,MISS Griffin 20' Jump Shot,,,5,201933,Blake Griffin,1610612746.0,Los Angeles,Clippers,LAC,0,0,,,,,,0,0,,,,,,0
0021300031,82,4,0,1,10:29 PM,2:52,,,Jordan REBOUND (Off:1 Def:2),,,5,201599,DeAndre Jordan,1610612746.0,Los Angeles,Clippers,LAC,0,0,,,,,,0,0,,,,,,0
0021300031,83,5,2,1,10:29 PM,2:47,Thomas STEAL (1 STL),,Griffin Lost Ball Turnover (P1.T2),,,5,201933,Blake Griffin,1610612746.0,Los Angeles,Clippers,LAC,4,202738,Isaiah Thomas,1610612758.0,Sacramento,Kings,SAC,0,0,,,,,,0
0021300031,85,8,0,1,10:30 PM,2:43,SUB: McLemore FOR Thornton,,,,,4,201977,Marcus Thornton,1610612758.0,Sacramento,Kings,SAC,4,203463,Ben McLemore,1610612758.0,Sacramento,Kings,SAC,0,0,,,,,,0
0021300031,86,8,0,1,10:30 PM,2:43,,,SUB: Collison FOR Paul,,,5,101108,Chris Paul,1610612746.0,Los Angeles,Clippers,LAC,5,201954,Darren Collison,1610612746.0,Los Angeles,Clippers,LAC,0,0,,,,,,0
0021300031,87,2,1,1,10:30 PM,2:25,MISS Cousins 15' Jump Shot,,,,,4,202326,DeMarcus Cousins,1610612758.0,Sacramento,Kings,SAC,0,0,,,,,,0,0,,,,,,0
0021300031,88,4,0,1,10:30 PM,2:24,,,Griffin REBOUND (Off:2 Def:3),,,5,201933,Blake Griffin,1610612746.0,Los Angeles,Clippers,LAC,0,0,,,,,,0,0,,,,,,0
0021300031,89,6,1,1,10:30 PM,2:20,McLemore P.FOUL (P1.T3),,,,,4,203463,Ben McLemore,1610612758.0,Sacramento,Kings,SAC,5,2037,Jamal Crawford,1610612746.0,Los Angeles,Clippers,LAC,1,0,,,,,,0
0021300031,90,8,0,1,10:30 PM,2:20,SUB: Hayes FOR Cousins,,,,,4,202326,DeMarcus Cousins,1610612758.0,Sacramento,Kings,SAC,4,101236,Chuck Hayes,1610612758.0,Sacramento,Kings,SAC,0,0,,,,,,0
0021300031,91,8,0,1,10:31 PM,2:20,,,SUB: Mullens FOR Jordan,,,5,201599,DeAndre Jordan,1610612746.0,Los Angeles,Clippers,LAC,5,201957,Byron Mullens,1610612746.0,Los Angeles,Clippers,LAC,0,0,,,,,,0
0021300031,92,8,0,1,10:31 PM,2:20,SUB: Outlaw FOR Salmons,,,,,4,2422,John Salmons,1610612758.0,Sacramento,Kings,SAC,4,2566,Travis Outlaw,1610612758.0,Sacramento,Kings,SAC,0,0,,,,,,0
0021300031,93,2,1,1,10:31 PM,2:01,,,MISS Collison 17' Jump Shot,,,5,201954,Darren Collison,1610612746.0,Los Angeles,Clippers,LAC,0,0,,,,,,0,0,,,,,,0
0021300031,94,4,0,1,10:31 PM,2:01,,,Mullens REBOUND (Off:1 Def:0),,,5,201957,Byron Mullens,1610612746.0,Los Angeles,Clippers,LAC,0,0,,,,,,0,0,,,,,,0
0021300031,95,2,1,1,10:31 PM,1:57,,,MISS Crawford 25' 3PT Jump Shot,,,5,2037,Jamal Crawford,1610612746.0,Los Angeles,Clippers,LAC,0,0,,,,,,0,0,,,,,,0
0021300031,96,4,0,1,10:31 PM,1:56,Hayes REBOUND (Off:0 Def:1),,,,,4,101236,Chuck Hayes,1610612758.0,Sacramento,Kings,SAC,0,0,,,,,,0,0,,,,,,0
0021300031,97,6,1,1,10:32 PM,1:56,,,Mullens P.FOUL (P1.T1),,,5,201957,Byron Mullens,1610612746.0,Los Angeles,Clippers,LAC,4,101236,Chuck Hayes,1610612758.0,Sacramento,Kings,SAC,1,0,,,,,,0
0021300031,98,6,1,1,10:32 PM,1:45,,,Mullens P.FOUL (P2.PN),,,5,201957,Byron Mullens,1610612746.0,Los Angeles,Clippers,LAC,4,201574,Jason Thompson,1610612758.0,Sacramento,Kings,SAC,1,0,,,,,,0
0021300031,99,3,11,1,10:32 PM,1:45,MISS Thompson Free Throw 1 of 2,,,,,4,201574,Jason Thompson,1610612758.0,Sacramento,Kings,SAC,0,0,,,,,,0,0,,,,,,0
0021300031,100,4,1,1,10:32 PM,1:45,KINGS Rebound,,,,,2,1610612758,,,,,,0,0,,,,,,0,0,,,,,,0
0021300031,101,3,12,1,10:32 PM,1:45,Thompson Free Throw 2 of 2 (1 PTS),,,22 - 19,-3,4,201574,Jason Thompson,1610612758.0,Sacramento,Kings,SAC,0,0,,,,,,0,0,,,,,,0
0021300031,103,2,5,1,10:33 PM,1:29,Thompson BLOCK (1 BLK),,MISS Collison 3' Layup,,,5,201954,Darren Collison,1610612746.0,Los Angeles,Clippers,LAC,0,0,,,,,,4,201574,Jason Thompson,1610612758.0,Sacramento,Kings,SAC,0
0021300031,104,4,0,1,10:33 PM,1:27,Thompson REBOUND (Off:0 Def:1),,,,,4,201574,Jason Thompson,1610612758.0,Sacramento,Kings,SAC,0,0,,,,,,0,0,,,,,,0
0021300031,105,6,2,1,10:33 PM,1:21,,,Barnes S.FOUL (P1.PN),,,5,2440,Matt Barnes,1610612746.0,Los Angeles,Clippers,LAC,4,202738,Isaiah Thomas,1610612758.0,Sacramento,Kings,SAC,1,0,,,,,,0
0021300031,106,3,11,1,10:33 PM,1:21,Thomas Free Throw 1 of 2 (4 PTS),,,22 - 20,-2,4,202738,Isaiah Thomas,1610612758.0,Sacramento,Kings,SAC,0,0,,,,,,0,0,,,,,,0
0021300031,108,8,0,1,10:33 PM,1:21,,,SUB: Hollins FOR Griffin,,,5,201933,Blake Griffin,1610612746.0,Los Angeles,Clippers,LAC,5,200797,Ryan Hollins,1610612746.0,Los Angeles,Clippers,LAC,0,0,,,,,,0
0021300031,109,3,12,1,10:34 PM,1:21,MISS Thomas Free Throw 2 of 2,,,,,4,202738,Isaiah Thomas,1610612758.0,Sacramento,Kings,SAC,0,0,,,,,,0,0,,,,,,0
0021300031,111,4,0,1,10:34 PM,1:20,,,Barnes REBOUND (Off:0 Def:2),,,5,2440,Matt Barnes,1610612746.0,Los Angeles,Clippers,LAC,0,0,,,,,,0,0,,,,,,0
0021300031,112,2,1,1,10:34 PM,1:07,,,MISS Collison 7' Jump Shot,,,5,201954,Darren Collison,1610612746.0,Los Angeles,Clippers,LAC,0,0,,,,,,0,0,,,,,,0
0021300031,113,4,0,1,10:34 PM,1:06,Thompson REBOUND (Off:0 Def:2),,,,,4,201574,Jason Thompson,1610612758.0,Sacramento,Kings,SAC,0,0,,,,,,0,0,,,,,,0
0021300031,114,6,1,1,10:34 PM,1:00,,,Hollins P.FOUL (P1.PN),,,5,200797,Ryan Hollins,1610612746.0,Los Angeles,Clippers,LAC,4,202738,Isaiah Thomas,1610612758.0,Sacramento,Kings,SAC,1,0,,,,,,0
0021300031,115,3,11,1,10:34 PM,1:00,Thomas Free Throw 1 of 2 (5 PTS),,,22 - 21,-1,4,202738,Isaiah Thomas,1610612758.0,Sacramento,Kings,SAC,0,0,,,,,,0,0,,,,,,0
0021300031,117,3,12,1,10:35 PM,1:00,Thomas Free Throw 2 of 2 (6 PTS),,,22 - 22,TIE,4,202738,Isaiah Thomas,1610612758.0,Sacramento,Kings,SAC,0,0,,,,,,0,0,,,,,,0
0021300031,119,1,79,1,10:35 PM,0:49,,,Crawford 11' Pullup Jump Shot (2 PTS),24 - 22,-2,5,2037,Jamal Crawford,1610612746.0,Los Angeles,Clippers,LAC,0,0,,,,,,0,0,,,,,,0
0021300031,120,7,1,1,10:35 PM,0:49,,,Clippers Violation: Delay of game Violation,,,3,1610612746,,,,,,0,0,,,,,,1,0,,,,,,0
0021300031,121,2,65,1,10:35 PM,0:32,MISS Thompson 7' Jump Hook Shot,,,,,4,201574,Jason Thompson,1610612758.0,Sacramento,Kings,SAC,0,0,,,,,,0,0,,,,,,0
0021300031,122,4,0,1,10:35 PM,0:31,,,Mullens REBOUND (Off:1 Def:1),,,5,201957,Byron Mullens,1610612746.0,Los Angeles,Clippers,LAC,0,0,,,,,,0,0,,,,,,0
0021300031,123,2,1,1,10:36 PM,0:11,,,MISS Crawford 13' Jump Shot,,,5,2037,Jamal Crawford,1610612746.0,Los Angeles,Clippers,LAC,0,0,,,,,,0,0,,,,,,0
0021300031,124,4,0,1,10:36 PM,0:10,Thompson REBOUND (Off:0 Def:3),,,,,4,201574,Jason Thompson,1610612758.0,Sacramento,Kings,SAC,0,0,,,,,,0,0,,,,,,0
0021300031,125,2,1,1,10:36 PM,0:00,MISS Outlaw  3PT Jump Shot,,,,,4,2566,Travis Outlaw,1610612758.0,Sacramento,Kings,SAC,0,0,,,,,,0,0,,,,,,0
0021300031,127,4,0,1,10:36 PM,0:00,KINGS Rebound,,,,,2,1610612758,,,,,,0,0,,,,,,0,0,,,,,,0
0021300031,126,13,0,1,10:36 PM,0:00,,End of 1st Period (10:36 PM EST),,24 - 22,-2,0,0,,,,,,0,0,,,,,,0,0,,,,,,0
0021300031,129,12,0,2,10:39 PM,12:00,,Start of 2nd Period (10:39 PM EST),,24 - 22,-2,0,0,,,,,,0,0,,,,,,0,0,,,,,,0
0021300031,130,1,1,2,10:39 PM,11:43,,,Crawford 26' 3PT Jump Shot (5 PTS) (Collison 1 AST),27 - 22,-5,5,2037,Jamal Crawford,1610612746.0,Los Angeles,Clippers,LAC,5,201954,Darren Collison,1610612746.0,Los Angeles,Clippers,LAC,0,0,,,,,,0
0021300031,131,5,1,2,10:40 PM,11:26,Hayes Bad Pass Turnover (P1.T3),,Barnes STEAL (1 STL),,,4,101236,Chuck Hayes,1610612758.0,Sacramento,Kings,SAC,5,2440,Matt Barnes,1610612746.0,Los Angeles,Clippers,LAC,0,0,,,,,,0
0021300031,132,1,1,2,10:40 PM,11:19,,,Mullens 25' 3PT Jump Shot (3 PTS) (Barnes 2 AST),30 - 22,-8,5,201957,Byron Mullens,1610612746.0,Los Angeles,Clippers,LAC,5,2440,Matt Barnes,1610612746.0,Los Angeles,Clippers,LAC,0,0,,,,,,0
0021300031,133,2,1,2,10:40 PM,11:02,MISS Hayes 6' Jump Shot,,,,,4,101236,Chuck Hayes,1610612758.0,Sacramento,Kings,SAC,0,0,,,,,,0,0,,,,,,0
0021300031,134,4,0,2,10:40 PM,11:00,,,Collison REBOUND (Off:0 Def:1),,,5,201954,Darren Collison,1610612746.0,Los Angeles,Clippers,LAC,0,0,,,,,,0,0,,,,,,0
0021300031,135,6,1,2,10:40 PM,10:53,McLemore P.FOUL (P2.T1),,,,,4,203463,Ben McLemore,1610612758.0,Sacramento,Kings,SAC,5,2037,Jamal Crawford,1610612746.0,Los Angeles,Clippers,LAC,1,0,,,,,,0
0021300031,136,3,11,2,10:40 PM,10:53,,,MISS Crawford Free Throw 1 of 2,,,5,2037,Jamal Crawford,1610612746.0,Los Angeles,Clippers,LAC,0,0,,,,,,0,0,,,,,,0
0021300031,137,4,1,2,10:40 PM,10:53,,,Clippers Rebound,,,3,1610612746,,,,,,0,0,,,,,,0,0,,,,,,0
0021300031,138,3,12,2,10:41 PM,10:53,,,Crawford Free Throw 2 of 2 (6 PTS),31 - 22,-9,5,2037,Jamal Crawford,1610612746.0,Los Angeles,Clippers,LAC,0,0,,,,,,0,0,,,,,,0
0021300031,140,2,1,2,10:41 PM,10:37,MISS Outlaw 18' Jump Shot,,,,,4,2566,Travis Outlaw,1610612758.0,Sacramento,Kings,SAC,0,0,,,,,,0,0,,,,,,0
0021300031,141,4,0,2,10:41 PM,10:36,,,Mullens REBOUND (Off:1 Def:2),,,5,201957,Byron Mullens,1610612746.0,Los Angeles,Clippers,LAC,0,0,,,,,,0,0,,,,,,0
0021300031,142,2,1,2,10:41 PM,10:26,,,MISS Mullens 26' 3PT Jump Shot,,,5,201957,Byron Mullens,1610612746.0,Los Angeles,Clippers,LAC,0,0,,,,,,0,0,,,,,,0
0021300031,143,4,0,2,10:41 PM,10:26,,,Clippers Rebound,,,3,1610612746,,,,,,0,0,,,,,,0,0,,,,,,0
0021300031,144,6,3,2,10:41 PM,10:26,Hayes L.B.FOUL (P1.T2),,,,,4,101236,Chuck Hayes,1610612758.0,Sacramento,Kings,SAC,5,201957,Byron Mullens,1610612746.0,Los Angeles,Clippers,LAC,1,0,,,,,,0
0021300031,145,8,0,2,10:42 PM,10:26,SUB: Thornton FOR McLemore,,,,,4,203463,Ben McLemore,1610612758.0,Sacramento,Kings,SAC,4,201977,Marcus Thornton,1610612758.0,Sacramento,Kings,SAC,0,0,,,,,,0
0021300031,146,1,1,2,10:42 PM,10:17,,,Crawford 20' Jump Shot (8 PTS),33 - 22,-11,5,2037,Jamal Crawford,1610612746.0,Los Angeles,Clippers,LAC,0,0,,,,,,0,0,,,,,,0
0021300031,147,2,1,2,10:42 PM,9:59,MISS Thornton 25' 3PT Jump Shot,,,,,4,201977,Marcus Thornton,1610612758.0,Sacramento,Kings,SAC,0,0,,,,,,0,0,,,,,,0
0021300031,148,4,0,2,10:42 PM,9:57,Outlaw REBOUND (Off:1 Def:0),,,,,4,2566,Travis Outlaw,1610612758.0,Sacramento,Kings,SAC,0,0,,,,,,0,0,,,,,,0
0021300031,149,1,1,2,10:42 PM,9:47,Thomas 20' Jump Shot (8 PTS),,,33 - 24,-9,4,202738,Isaiah Thomas,1610612758.0,Sacramento,Kings,SAC,0,0,,,,,,0,0,,,,,,0
0021300031,150,6,4,2,10:43 PM,9:38,,,Hollins OFF.Foul (P2),,,5,200797,Ryan Hollins,1610612746.0,Los Angeles,Clippers,LAC,4,101236,Chuck Hayes,1610612758.0,Sacramento,Kings,SAC,1,0,,,,,,0
0021300031,151,5,5,2,10:43 PM,9:38,,,Hollins Foul Turnover (P1.T3),,,5,200797,Ryan Hollins,1610612746.0,Los Angeles,Clippers,LAC,0,0,,,,,,1,0,,,,,,0
0021300031,152,2,1,2,10:43 PM,9:25,MISS Thompson 23' Jump Shot,,,,,4,201574,Jason Thompson,1610612758.0,Sacramento,Kings,SAC,0,0,,,,,,0,0,,,,,,0
0021300031,153,4,0,2,10:43 PM,9:24,,,Barnes REBOUND (Off:0 Def:3),,,5,2440,Matt Barnes,1610612746.0,Los Angeles,Clippers,LAC,0,0,,,,,,0,0,,,,,,0
0021300031,154,2,1,2,10:43 PM,9:17,,,MISS Barnes 20' Jump Shot,,,5,2440,Matt Barnes,1610612746.0,Los Angeles,Clippers,LAC,0,0,,,,,,0,0,,,,,,0
0021300031,156,4,0,2,10:43 PM,9:15,,,Hollins REBOUND (Off:1 Def:0),,,5,200797,Ryan Hollins,1610612746.0,Los Angeles,Clippers,LAC,0,0,,,,,,0,0,,,,,,0
0021300031,155,2,53,2,10:43 PM,9:15,,,MISS Hollins 3' Tip Shot,,,5,200797,Ryan Hollins,1610612746.0,Los Angeles,Clippers,LAC,0,0,,,,,,0,0,,,,,,0
0021300031,157,4,0,2,10:43 PM,9:14,Thompson REBOUND (Off:0 Def:4),,,,,4,201574,Jason Thompson,1610612758.0,Sacramento,Kings,SAC,0,0,,,,,,0,0,,,,,,0
0021300031,158,1,1,2,10:43 PM,9:10,Thomas 25' 3PT Jump Shot (11 PTS),,,33 - 27,-6,4,202738,Isaiah Thomas,1610612758.0,Sacramento,Kings,SAC,0,0,,,,,,0,0,,,,,,0
0021300031,159,6,3,2,10:44 PM,8:51,Hayes L.B.FOUL (P2.T3),,,,,4,101236,Chuck Hayes,1610612758.0,Sacramento,Kings,SAC,5,200797,Ryan Hollins,1610612746.0,Los Angeles,Clippers,LAC,1,0,,,,,,0
0021300031,160,9,4,2,10:44 PM,8:51,,Timeout: Official,,,,1,0,,,,,,0,0,,,,,,0,0,,,,,,0
0021300031,162,8,0,2,10:46 PM,8:51,SUB: Cousins FOR Hayes,,,,,4,101236,Chuck Hayes,1610612758.0,Sacramento,Kings,SAC,4,202326,DeMarcus Cousins,1610612758.0,Sacramento,Kings,SAC,0,0,,,,,,0
0021300031,163,8,0,2,10:46 PM,8:51,,,SUB: Jordan FOR Hollins,,,5,200797,Ryan Hollins,1610612746.0,Los Angeles,Clippers,LAC,5,201599,DeAndre Jordan,1610612746.0,Los Angeles,Clippers,LAC,0,0,,,,,,0
0021300031,164,1,47,2,10:46 PM,8:43,,,Crawford 20' Turnaround Jump Shot (10 PTS) (Collison 2 AST),35 - 27,-8,5,2037,Jamal Crawford,1610612746.0,Los Angeles,Clippers,LAC,5,201954,Darren Collison,1610612746.0,Los Angeles,Clippers,LAC,0,0,,,,,,0
0021300031,165,2,65,2,10:47 PM,8:21,MISS Outlaw 10' Jump Hook Shot,,,,,4,2566,Travis Outlaw,1610612758.0,Sacramento,Kings,SAC,0,0,,,,,,0,0,,,,,,0
0021300031,166,4,0,2,10:47 PM,8:20,,,Collison REBOUND (Off:0 Def:2),,,5,201954,Darren Collison,1610612746.0,Los Angeles,Clippers,LAC,0,0,,,,,,0,0,,,,,,0
0021300031,167,5,1,2,10:47 PM,8:04,Cousins STEAL (1 STL),,Crawford Bad Pass Turnover (P1.T4),,,5,2037,Jamal Crawford,1610612746.0,Los Angeles,Clippers,LAC,4,202326,DeMarcus Cousins,1610612758.0,Sacramento,Kings,SAC,0,0,,,,,,0
0021300031,168,1,1,2,10:47 PM,7:53,Thornton  3PT Jump Shot (8 PTS) (Outlaw 1 AST),,,35 - 30,-5,4,201977,Marcus Thornton,1610612758.0,Sacramento,Kings,SAC,4,2566,Travis Outlaw,1610612758.0,Sacramento,Kings,SAC,0,0,,,,,,0
0021300031,169,6,1,2,10:48 PM,7:34,Thornton P.FOUL (P2.T4),,,,,4,201977,Marcus Thornton,1610612758.0,Sacramento,Kings,SAC,5,2037,Jamal Crawford,1610612746.0,Los Angeles,Clippers,LAC,1,0,,,,,,0
0021300031,170,8,0,2,10:48 PM,7:34,,,SUB: Paul FOR Collison,,,5,201954,Darren Collison,1610612746.0,Los Angeles,Clippers,LAC,5,101108,Chris Paul,1610612746.0,Los Angeles,Clippers,LAC,0,0,,,,,,0
0021300031,171,8,0,2,10:48 PM,7:34,,,SUB: Griffin FOR Mullens,,,5,201957,Byron Mullens,1610612746.0,Los Angeles,Clippers,LAC,5,201933,Blake Griffin,1610612746.0,Los Angeles,Clippers,LAC,0,0,,,,,,0
0021300031,172,2,1,2,10:48 PM,7:19,,,MISS Paul 27' 3PT Jump Shot,,,5,101108,Chris Paul,1610612746.0,Los Angeles,Clippers,LAC,0,0,,,,,,0,0,,,,,,0
0021300031,173,4,0,2,10:48 PM,7:19,Thompson REBOUND (Off:0 Def:5),,,,,4,201574,Jason Thompson,1610612758.0,Sacramento,Kings,SAC,0,0,,,,,,0,0,,,,,,0
0021300031,174,6,2,2,10:49 PM,7:07,,,Jordan S.FOUL (P1.T1),,,5,201599,DeAndre Jordan,1610612746.0,Los Angeles,Clippers,LAC,4,202326,DeMarcus Cousins,1610612758.0,Sacramento,Kings,SAC,1,0,,,,,,0
0021300031,175,3,11,2,10:49 PM,7:07,Cousins Free Throw 1 of 2 (7 PTS),,,35 - 31,-4,4,202326,DeMarcus Cousins,1610612758.0,Sacramento,Kings,SAC,0,0,,,,,,0,0,,,,,,0
0021300031,177,8,0,2,10:49 PM,7:07,,,SUB: Redick FOR Barnes,,,5,2440,Matt Barnes,1610612746.0,Los Angeles,Clippers,LAC,5,200755,JJ Redick,1610612746.0,Los Angeles,Clippers,LAC,0,0,,,,,,0
0021300031,178,8,0,2,10:49 PM,7:07,,,SUB: Dudley FOR Crawford,,,5,2037,Jamal Crawford,1610612746.0,Los Angeles,Clippers,LAC,5,201162,Jared Dudley,1610612746.0,Los Angeles,Clippers,LAC,0,0,,,,,,0
0021300031,179,3,12,2,10:49 PM,7:07,MISS Cousins Free Throw 2 of 2,,,,,4,202326,DeMarcus Cousins,1610612758.0,Sacramento,Kings,SAC,0,0,,,,,,0,0,,,,,,0
0021300031,181,4,0,2,10:49 PM,7:06,,,Griffin REBOUND (Off:2 Def:4),,,5,201933,Blake Griffin,1610612746.0,Los Angeles,Clippers,LAC,0,0,,,,,,0,0,,,,,,0
0021300031,182,1,5,2,10:49 PM,6:57,,,Griffin 1' Layup (8 PTS) (Paul 5 AST),37 - 31,-6,5,201933,Blake Griffin,1610612746.0,Los Angeles,Clippers,LAC,5,101108,Chris Paul,1610612746.0,Los Angeles,Clippers,LAC,0,0,,,,,,0
0021300031,183,2,1,2,10:50 PM,6:44,MISS Thomas 8' Jump Shot,,,,,4,202738,Isaiah Thomas,1610612758.0,Sacramento,Kings,SAC,0,0,,,,,,0,0,,,,,,0
0021300031,184,4,0,2,10:50 PM,6:43,,,Jordan REBOUND (Off:1 Def:3),,,5,201599,DeAndre Jordan,1610612746.0,Los Angeles,Clippers,LAC,0,0,,,,,,0,0,,,,,,0
0021300031,185,2,1,2,10:50 PM,6:21,,,MISS Dudley 17' Jump Shot,,,5,201162,Jared Dudley,1610612746.0,Los Angeles,Clippers,LAC,0,0,,,,,,0,0,,,,,,0
0021300031,186,4,0,2,10:50 PM,6:20,,,Jordan REBOUND (Off:2 Def:3),,,5,201599,DeAndre Jordan,1610612746.0,Los Angeles,Clippers,LAC,0,0,,,,,,0,0,,,,,,0
0021300031,187,6,2,2,10:50 PM,6:10,Cousins S.FOUL (P1.PN),,,,,4,202326,DeMarcus Cousins,1610612758.0,Sacramento,Kings,SAC,5,201933,Blake Griffin,1610612746.0,Los Angeles,Clippers,LAC,1,0,,,,,,0
0021300031,188,3,11,2,10:51 PM,6:10,,,Griffin Free Throw 1 of 2 (9 PTS),38 - 31,-7,5,201933,Blake Griffin,1610612746.0,Los Angeles,Clippers,LAC,0,0,,,,,,0,0,,,,,,0
0021300031,190,8,0,2,10:51 PM,6:10,SUB: Salmons FOR Outlaw,,,,,4,2566,Travis Outlaw,1610612758.0,Sacramento,Kings,SAC,4,2422,John Salmons,1610612758.0,Sacramento,Kings,SAC,0,0,,,,,,0
0021300031,191,3,12,2,10:51 PM,6:10,,,Griffin Free Throw 2 of 2 (10 PTS),39 - 31,-8,5,201933,Blake Griffin,1610612746.0,Los Angeles,Clippers,LAC,0,0,,,,,,0,0,,,,,,0
0021300031,193,2,1,2,10:51 PM,5:56,MISS Cousins 5' Jump Shot,,Jordan BLOCK (1 BLK),,,4,202326,DeMarcus Cousins,1610612758.0,Sacramento,Kings,SAC,0,0,,,,,,5,201599,DeAndre Jordan,1610612746.0,Los Angeles,Clippers,LAC,0
0021300031,194,4,0,2,10:51 PM,5:53,,,Griffin REBOUND (Off:2 Def:5),,,5,201933,Blake Griffin,1610612746.0,Los Angeles,Clippers,LAC,0,0,,,,,,0,0,,,,,,0
0021300031,195,6,1,2,10:51 PM,5:52,Thompson P.FOUL (P1.PN),,,,,4,201574,Jason Thompson,1610612758.0,Sacramento,Kings,SAC,5,101108,Chris Paul,1610612746.0,Los Angeles,Clippers,LAC,1,0,,,,,,0
0021300031,196,9,1,2,10:52 PM,5:52,KINGS Timeout: Regular (Full 2 Short 0),,,,,2,1610612758,,,,,,0,0,,,,,,0,0,,,,,,0
0021300031,200,3,11,2,10:54 PM,5:52,,,Paul Free Throw 1 of 2 (3 PTS),40 - 31,-9,5,101108,Chris Paul,1610612746.0,Los Angeles,Clippers,LAC,0,0,,,,,,0,0,,,,,,0
0021300031,202,3,12,2,10:55 PM,5:52,,,Paul Free Throw 2 of 2 (4 PTS),41 - 31,-10,5,101108,Chris Paul,1610612746.0,Los Angeles,Clippers,LAC,0,0,,,,,,0,0,,,,,,0
0021300031,204,2,1,2,10:55 PM,5:36,MISS Thornton 25' 3PT Jump Shot,,,,,4,201977,Marcus Thornton,1610612758.0,Sacramento,Kings,SAC,0,0,,,,,,0,0,,,,,,0
0021300031,205,4,0,2,10:55 PM,5:36,Thompson REBOUND (Off:1 Def:5),,,,,4,201574,Jason Thompson,1610612758.0,Sacramento,Kings,SAC,0,0,,,,,,0,0,,,,,,0
0021300031,206,1,94,2,10:55 PM,5:35,Thompson 6' Jump Bank Hook Shot (3 PTS),,,41 - 33,-8,4,201574,Jason Thompson,1610612758.0,Sacramento,Kings,SAC,0,0,,,,,,0,0,,,,,,0
0021300031,207,6,2,2,10:55 PM,5:35,,,Griffin S.FOUL (P1.T2),,,5,201933,Blake Griffin,1610612746.0,Los Angeles,Clippers,LAC,4,201574,Jason Thompson,1610612758.0,Sacramento,Kings,SAC,1,0,,,,,,0
0021300031,208,3,10,2,10:55 PM,5:35,Thompson Free Throw 1 of 1 (4 PTS),,,41 - 34,-7,4,201574,Jason Thompson,1610612758.0,Sacramento,Kings,SAC,0,0,,,,,,0,0,,,,,,0
0021300031,210,5,2,2,10:56 PM,5:16,Cousins STEAL (2 STL),,Jordan Lost Ball Turnover (P2.T5),,,5,201599,DeAndre Jordan,1610612746.0,Los Angeles,Clippers,LAC,4,202326,DeMarcus Cousins,1610612758.0,Sacramento,Kings,SAC,0,0,,,,,,0
0021300031,211,1,65,2,10:56 PM,5:04,Thompson 6' Jump Hook Shot (6 PTS) (Cousins 1 AST),,,41 - 36,-5,4,201574,Jason Thompson,1610612758.0,Sacramento,Kings,SAC,4,202326,DeMarcus Cousins,1610612758.0,Sacramento,Kings,SAC,0,0,,,,,,0
0021300031,212,2,1,2,10:56 PM,4:49,,,MISS Redick 24' 3PT Jump Shot,,,5,200755,JJ Redick,1610612746.0,Los Angeles,Clippers,LAC,0,0,,,,,,0,0,,,,,,0
0021300031,213,4,0,2,10:56 PM,4:49,Salmons REBOUND (Off:0 Def:1),,,,,4,2422,John Salmons,1610612758.0,Sacramento,Kings,SAC,0,0,,,,,,0,0,,,,,,0
0021300031,214,1,1,2,10:56 PM,4:34,Cousins 20' Jump Shot (9 PTS) (Thomas 1 AST),,,41 - 38,-3,4,202326,DeMarcus Cousins,1610612758.0,Sacramento,Kings,SAC,4,202738,Isaiah Thomas,1610612758.0,Sacramento,Kings,SAC,0,0,,,,,,0
0021300031,215,9,1,2,10:57 PM,4:26,,,Clippers Timeout: Regular (Reg.2 Short 0),,,3,1610612746,,,,,,0,0,,,,,,0,0,,,,,,0
0021300031,218,8,0,2,10:59 PM,4:26,SUB: Vasquez FOR Thomas,,,,,4,202738,Isaiah Thomas,1610612758.0,Sacramento,Kings,SAC,4,202349,Greivis Vasquez,1610612758.0,Sacramento,Kings,SAC,0,0,,,,,,0
0021300031,219,1,1,2,10:59 PM,4:16,,,Paul 20' Jump Shot (6 PTS) (Jordan 1 AST),43 - 38,-5,5,101108,Chris Paul,1610612746.0,Los Angeles,Clippers,LAC,5,201599,DeAndre Jordan,1610612746.0,Los Angeles,Clippers,LAC,0,0,,,,,,0
0021300031,220,5,8,2,11:00 PM,3:56,Cousins 3 Second Violation Turnover (P3.T4),,,,,4,202326,DeMarcus Cousins,1610612758.0,Sacramento,Kings,SAC,0,0,,,,,,1,0,,,,,,0
0021300031,221,6,1,2,11:00 PM,3:54,Salmons P.FOUL (P1.PN),,,,,4,2422,John Salmons,1610612758.0,Sacramento,Kings,SAC,5,201599,DeAndre Jordan,1610612746.0,Los Angeles,Clippers,LAC,1,0,,,,,,0
0021300031,222,3,11,2,11:00 PM,3:54,,,MISS Jordan Free Throw 1 of 2,,,5,201599,DeAndre Jordan,1610612746.0,Los Angeles,Clippers,LAC,0,0,,,,,,0,0,,,,,,0
0021300031,223,4,1,2,11:00 PM,3:54,,,Clippers Rebound,,,3,1610612746,,,,,,0,0,,,,,,0,0,,,,,,0
0021300031,224,3,12,2,11:01 PM,3:54,,,MISS Jordan Free Throw 2 of 2,,,5,201599,DeAndre Jordan,1610612746.0,Los Angeles,Clippers,LAC,0,0,,,,,,0,0,,,,,,0
0021300031,226,4,0,2,11:01 PM,3:53,Cousins REBOUND (Off:1 Def:5),,,,,4,202326,DeMarcus Cousins,1610612758.0,Sacramento,Kings,SAC,0,0,,,,,,0,0,,,,,,0
0021300031,227,2,1,2,11:01 PM,3:27,MISS Salmons 25' 3PT Jump Shot,,,,,4,2422,John Salmons,1610612758.0,Sacramento,Kings,SAC,0,0,,,,,,0,0,,,,,,0
0021300031,228,4,0,2,11:01 PM,3:26,Cousins REBOUND (Off:2 Def:5),,,,,4,202326,DeMarcus Cousins,1610612758.0,Sacramento,Kings,SAC,0,0,,,,,,0,0,,,,,,0
0021300031,229,2,1,2,11:01 PM,3:11,MISS Thompson 20' Jump Shot,,,,,4,201574,Jason Thompson,1610612758.0,Sacramento,Kings,SAC,0,0,,,,,,0,0,,,,,,0
0021300031,230,4,0,2,11:01 PM,3:10,KINGS Rebound,,,,,2,1610612758,,,,,,0,0,,,,,,0,0,,,,,,0
0021300031,231,8,0,2,11:02 PM,3:10,SUB: Thomas FOR Thornton,,,,,4,201977,Marcus Thornton,1610612758.0,Sacramento,Kings,SAC,4,202738,Isaiah Thomas,1610612758.0,Sacramento,Kings,SAC,0,0,,,,,,0
0021300031,232,2,71,2,11:02 PM,3:04,MISS Salmons 4' Finger Roll Layup,,Griffin BLOCK (2 BLK),,,4,2422,John Salmons,1610612758.0,Sacramento,Kings,SAC,0,0,,,,,,5,201933,Blake Griffin,1610612746.0,Los Angeles,Clippers,LAC,0
0021300031,233,4,0,2,11:02 PM,3:02,,,Griffin REBOUND (Off:2 Def:6),,,5,201933,Blake Griffin,1610612746.0,Los Angeles,Clippers,LAC,0,0,,,,,,0,0,,,,,,0
0021300031,234,2,1,2,11:02 PM,2:54,,,MISS Dudley 16' Jump Shot,,,5,201162,Jared Dudley,1610612746.0,Los Angeles,Clippers,LAC,0,0,,,,,,0,0,,,,,,0
0021300031,235,4,0,2,11:02 PM,2:53,Thompson REBOUND (Off:1 Def:6),,,,,4,201574,Jason Thompson,1610612758.0,Sacramento,Kings,SAC,0,0,,,,,,0,0,,,,,,0
0021300031,236,2,46,2,11:02 PM,2:46,MISS Vasquez 11' Running Jump Shot,,,,,4,202349,Greivis Vasquez,1610612758.0,Sacramento,Kings,SAC,0,0,,,,,,0,0,,,,,,0
0021300031,237,4,0,2,11:02 PM,2:45,,,Griffin REBOUND (Off:2 Def:7),,,5,201933,Blake Griffin,1610612746.0,Los Angeles,Clippers,LAC,0,0,,,,,,0,0,,,,,,0
0021300031,238,5,2,2,11:02 PM,2:35,Salmons STEAL (2 STL),,Redick Lost Ball Turnover (P1.T6),,,5,200755,JJ Redick,1610612746.0,Los Angeles,Clippers,LAC,4,2422,John Salmons,1610612758.0,Sacramento,Kings,SAC,0,0,,,,,,0
0021300031,239,1,7,2,11:03 PM,2:16,Cousins 2' Dunk (11 PTS) (Thompson 1 AST),,,43 - 40,-3,4,202326,DeMarcus Cousins,1610612758.0,Sacramento,Kings,SAC,4,201574,Jason Thompson,1610612758.0,Sacramento,Kings,SAC,0,0,,,,,,0
0021300031,240,1,1,2,11:03 PM,2:06,,,Dudley 25' 3PT Jump Shot (3 PTS) (Griffin 2 AST),46 - 40,-6,5,201162,Jared Dudley,1610612746.0,Los Angeles,Clippers,LAC,5,201933,Blake Griffin,1610612746.0,Los Angeles,Clippers,LAC,0,0,,,,,,0
0021300031,241,1,78,2,11:03 PM,1:40,Vasquez 9' Floating Jump Shot (2 PTS),,,46 - 42,-4,4,202349,Greivis Vasquez,1610612758.0,Sacramento,Kings,SAC,0,0,,,,,,0,0,,,,,,0
0021300031,242,1,1,2,11:04 PM,1:23,,,Redick 19' Jump Shot (10 PTS) (Paul 6 AST),48 - 42,-6,5,200755,JJ Redick,1610612746.0,Los Angeles,Clippers,LAC,5,101108,Chris Paul,1610612746.0,Los Angeles,Clippers,LAC,0,0,,,,,,0
0021300031,243,6,2,2,11:04 PM,1:10,,,Redick S.FOUL (P1.T3),,,5,200755,JJ Redick,1610612746.0,Los Angeles,Clippers,LAC,4,202349,Greivis Vasquez,1610612758.0,Sacramento,Kings,SAC,1,0,,,,,,0
0021300031,244,3,11,2,11:04 PM,1:10,Vasquez Free Throw 1 of 2 (3 PTS),,,48 - 43,-5,4,202349,Greivis Vasquez,1610612758.0,Sacramento,Kings,SAC,0,0,,,,,,0,0,,,,,,0
0021300031,246,8,0,2,11:04 PM,1:10,,,SUB: Crawford FOR Dudley,,,5,201162,Jared Dudley,1610612746.0,Los Angeles,Clippers,LAC,5,2037,Jamal Crawford,1610612746.0,Los Angeles,Clippers,LAC,0,0,,,,,,0
0021300031,247,8,0,2,11:04 PM,1:10,SUB: Ndiaye FOR Cousins,,,,,4,202326,DeMarcus Cousins,1610612758.0,Sacramento,Kings,SAC,4,202380,Hamady Ndiaye,1610612758.0,Sacramento,Kings,SAC,0,0,,,,,,0
0021300031,248,3,12,2,11:05 PM,1:10,Vasquez Free Throw 2 of 2 (4 PTS),,,48 - 44,-4,4,202349,Greivis Vasquez,1610612758.0,Sacramento,Kings,SAC,0,0,,,,,,0,0,,,,,,0
0021300031,250,6,28,2,11:05 PM,1:08,Ndiaye Personal Take Foul (P1.PN),,,,,4,202380,Hamady Ndiaye,1610612758.0,Sacramento,Kings,SAC,5,201599,DeAndre Jordan,1610612746.0,Los Angeles,Clippers,LAC,1,0,,,,,,0
0021300031,251,3,11,2,11:05 PM,1:08,,,Jordan Free Throw 1 of 2 (3 PTS),49 - 44,-5,5,201599,DeAndre Jordan,1610612746.0,Los Angeles,Clippers,LAC,0,0,,,,,,0,0,,,,,,0
0021300031,253,8,0,2,11:05 PM,1:08,SUB: Cousins FOR Ndiaye,,,,,4,202380,Hamady Ndiaye,1610612758.0,Sacramento,Kings,SAC,4,202326,DeMarcus Cousins,1610612758.0,Sacramento,Kings,SAC,0,0,,,,,,0
0021300031,254,3,12,2,11:06 PM,1:08,,,Jordan Free Throw 2 of 2 (4 PTS),50 - 44,-6,5,201599,DeAndre Jordan,1610612746.0,Los Angeles,Clippers,LAC,0,0,,,,,,0,0,,,,,,0
0021300031,256,2,1,2,11:06 PM,0:53,MISS Thompson 16' Jump Shot,,,,,4,201574,Jason Thompson,1610612758.0,Sacramento,Kings,SAC,0,0,,,,,,0,0,,,,,,0
0021300031,257,4,0,2,11:06 PM,0:53,,,Jordan REBOUND (Off:2 Def:4),,,5,201599,DeAndre Jordan,1610612746.0,Los Angeles,Clippers,LAC,0,0,,,,,,0,0,,,,,,0
0021300031,258,2,1,2,11:06 PM,0:46,,,MISS Crawford 25' 3PT Jump Shot,,,5,2037,Jamal Crawford,1610612746.0,Los Angeles,Clippers,LAC,0,0,,,,,,0,0,,,,,,0
0021300031,259,4,0,2,11:06 PM,0:45,,,Jordan REBOUND (Off:3 Def:4),,,5,201599,DeAndre Jordan,1610612746.0,Los Angeles,Clippers,LAC,0,0,,,,,,0,0,,,,,,0
0021300031,261,9,2,2,11:06 PM,0:41,,,Clippers Timeout: Short (Reg.2 Short 1),,,3,1610612746,,,,,,0,0,,,,,,0,0,,,,,,0
0021300031,265,6,2,2,11:08 PM,0:37,Thompson S.FOUL (P2.PN),,,,,4,201574,Jason Thompson,1610612758.0,Sacramento,Kings,SAC,5,201933,Blake Griffin,1610612746.0,Los Angeles,Clippers,LAC,1,0,,,,,,0
0021300031,266,3,11,2,11:08 PM,0:37,,,Griffin Free Throw 1 of 2 (11 PTS),51 - 44,-7,5,201933,Blake Griffin,1610612746.0,Los Angeles,Clippers,LAC,0,0,,,,,,0,0,,,,,,0
0021300031,268,8,0,2,11:08 PM,0:37,,,SUB: Collison FOR Redick,,,5,200755,JJ Redick,1610612746.0,Los Angeles,Clippers,LAC,5,201954,Darren Collison,1610612746.0,Los Angeles,Clippers,LAC,0,0,,,,,,0
0021300031,269,8,0,2,11:08 PM,0:37,SUB: Patterson FOR Thompson,,,,,4,201574,Jason Thompson,1610612758.0,Sacramento,Kings,SAC,4,202335,Patrick Patterson,1610612758.0,Sacramento,Kings,SAC,0,0,,,,,,0
0021300031,270,3,12,2,11:08 PM,0:37,,,Griffin Free Throw 2 of 2 (12 PTS),52 - 44,-8,5,201933,Blake Griffin,1610612746.0,Los Angeles,Clippers,LAC,0,0,,,,,,0,0,,,,,,0
0021300031,272,6,2,2,11:09 PM,0:21,,,Jordan S.FOUL (P2.PN),,,5,201599,DeAndre Jordan,1610612746.0,Los Angeles,Clippers,LAC,4,202738,Isaiah Thomas,1610612758.0,Sacramento,Kings,SAC,1,0,,,,,,0
0021300031,273,3,11,2,11:09 PM,0:21,Thomas Free Throw 1 of 2 (12 PTS),,,52 - 45,-7,4,202738,Isaiah Thomas,1610612758.0,Sacramento,Kings,SAC,0,0,,,,,,0,0,,,,,,0
0021300031,275,8,0,2,11:10 PM,0:21,,,SUB: Redick FOR Jordan,,,5,201599,DeAndre Jordan,1610612746.0,Los Angeles,Clippers,LAC,5,200755,JJ Redick,1610612746.0,Los Angeles,Clippers,LAC,0,0,,,,,,0
0021300031,276,8,0,2,11:10 PM,0:21,SUB: Outlaw FOR Cousins,,,,,4,202326,DeMarcus Cousins,1610612758.0,Sacramento,Kings,SAC,4,2566,Travis Outlaw,1610612758.0,Sacramento,Kings,SAC,0,0,,,,,,0
0021300031,280,3,12,2,11:11 PM,0:21,MISS Thomas Free Throw 2 of 2,,,,,4,202738,Isaiah Thomas,1610612758.0,Sacramento,Kings,SAC,0,0,,,,,,0,0,,,,,,0
0021300031,282,4,0,2,11:11 PM,0:20,,,Griffin REBOUND (Off:2 Def:8),,,5,201933,Blake Griffin,1610612746.0,Los Angeles,Clippers,LAC,0,0,,,,,,0,0,,,,,,0
0021300031,283,1,1,2,11:11 PM,0:00,,,Paul 18' Jump Shot (8 PTS),54 - 45,-9,5,101108,Chris Paul,1610612746.0,Los Angeles,Clippers,LAC,0,0,,,,,,0,0,,,,,,0
0021300031,284,13,0,2,11:11 PM,0:00,,End of 2nd Period (11:11 PM EST),,54 - 45,-9,0,0,,,,,,0,0,,,,,,0,0,,,,,,0
0021300031,286,12,0,3,11:27 PM,12:00,,Start of 3rd Period (11:27 PM EST),,54 - 45,-9,0,0,,,,,,0,0,,,,,,0,0,,,,,,0
0021300031,287,1,1,3,11:28 PM,11:34,,,Paul 25' 3PT Jump Shot (11 PTS) (Griffin 3 AST),57 - 45,-12,5,101108,Chris Paul,1610612746.0,Los Angeles,Clippers,LAC,5,201933,Blake Griffin,1610612746.0,Los Angeles,Clippers,LAC,0,0,,,,,,0
0021300031,288,6,1,3,11:28 PM,11:17,,,Paul P.FOUL (P1.T1),,,5,101108,Chris Paul,1610612746.0,Los Angeles,Clippers,LAC,4,202326,DeMarcus Cousins,1610612758.0,Sacramento,Kings,SAC,1,0,,,,,,0
0021300031,289,2,1,3,11:29 PM,11:12,MISS Thornton 6' Jump Shot,,,,,4,201977,Marcus Thornton,1610612758.0,Sacramento,Kings,SAC,0,0,,,,,,0,0,,,,,,0
0021300031,290,4,0,3,11:29 PM,11:11,,,Griffin REBOUND (Off:2 Def:9),,,5,201933,Blake Griffin,1610612746.0,Los Angeles,Clippers,LAC,0,0,,,,,,0,0,,,,,,0
0021300031,291,1,1,3,11:29 PM,10:54,,,Paul 19' Jump Shot (13 PTS),59 - 45,-14,5,101108,Chris Paul,1610612746.0,Los Angeles,Clippers,LAC,0,0,,,,,,0,0,,,,,,0
0021300031,292,1,65,3,11:29 PM,10:36,Salmons 5' Jump Hook Shot (2 PTS) (Vasquez 3 AST),,,59 - 47,-12,4,2422,John Salmons,1610612758.0,Sacramento,Kings,SAC,4,202349,Greivis Vasquez,1610612758.0,Sacramento,Kings,SAC,0,0,,,,,,0
0021300031,294,1,1,3,11:30 PM,10:23,,,Redick 21' Jump Shot (12 PTS) (Griffin 4 AST),61 - 47,-14,5,200755,JJ Redick,1610612746.0,Los Angeles,Clippers,LAC,5,201933,Blake Griffin,1610612746.0,Los Angeles,Clippers,LAC,0,0,,,,,,0
0021300031,295,2,1,3,11:30 PM,10:05,MISS Patterson 25' 3PT Jump Shot,,,,,4,202335,Patrick Patterson,1610612758.0,Sacramento,Kings,SAC,0,0,,,,,,0,0,,,,,,0
0021300031,296,4,0,3,11:30 PM,10:04,Thornton REBOUND (Off:1 Def:0),,,,,4,201977,Marcus Thornton,1610612758.0,Sacramento,Kings,SAC,0,0,,,,,,0,0,,,,,,0
0021300031,297,2,1,3,11:30 PM,9:50,MISS Salmons 19' Jump Shot,,,,,4,2422,John Salmons,1610612758.0,Sacramento,Kings,SAC,0,0,,,,,,0,0,,,,,,0
0021300031,298,4,0,3,11:30 PM,9:50,,,Griffin REBOUND (Off:2 Def:10),,,5,201933,Blake Griffin,1610612746.0,Los Angeles,Clippers,LAC,0,0,,,,,,0,0,,,,,,0
0021300031,299,6,1,3,11:31 PM,9:43,Vasquez P.FOUL (P1.T1),,,,,4,202349,Greivis Vasquez,1610612758.0,Sacramento,Kings,SAC,5,101108,Chris Paul,1610612746.0,Los Angeles,Clippers,LAC,1,0,,,,,,0
0021300031,300,2,1,3,11:31 PM,9:33,,,MISS Griffin  3PT Jump Shot,,,5,201933,Blake Griffin,1610612746.0,Los Angeles,Clippers,LAC,0,0,,,,,,0,0,,,,,,0
0021300031,301,4,0,3,11:31 PM,9:32,Vasquez REBOUND (Off:0 Def:2),,,,,4,202349,Greivis Vasquez,1610612758.0,Sacramento,Kings,SAC,0,0,,,,,,0,0,,,,,,0
0021300031,302,6,1,3,11:31 PM,9:23,,,Dudley P.FOUL (P1.T2),,,5,201162,Jared Dudley,1610612746.0,Los Angeles,Clippers,LAC,4,202326,DeMarcus Cousins,1610612758.0,Sacramento,Kings,SAC,1,0,,,,,,0
0021300031,303,2,1,3,11:32 PM,9:17,MISS Vasquez 7' Jump Shot,,Jordan BLOCK (2 BLK),,,4,202349,Greivis Vasquez,1610612758.0,Sacramento,Kings,SAC,0,0,,,,,,5,201599,DeAndre Jordan,1610612746.0,Los Angeles,Clippers,LAC,0
0021300031,304,4,0,3,11:32 PM,9:17,KINGS Rebound,,,,,2,1610612758,,,,,,0,0,,,,,,0,0,,,,,,0
0021300031,306,1,1,3,11:32 PM,9:08,Patterson 3' Jump Shot (6 PTS) (Cousins 2 AST),,,61 - 49,-12,4,202335,Patrick Patterson,1610612758.0,Sacramento,Kings,SAC,4,202326,DeMarcus Cousins,1610612758.0,Sacramento,Kings,SAC,0,0,,,,,,0
0021300031,308,2,5,3,11:32 PM,8:56,Cousins BLOCK (1 BLK),,MISS Griffin 4' Layup,,,5,201933,Blake Griffin,1610612746.0,Los Angeles,Clippers,LAC,0,0,,,,,,4,202326,DeMarcus Cousins,1610612758.0,Sacramento,Kings,SAC,0
0021300031,309,4,0,3,11:32 PM,8:54,,,Paul REBOUND (Off:1 Def:1),,,5,101108,Chris Paul,1610612746.0,Los Angeles,Clippers,LAC,0,0,,,,,,0,0,,,,,,0
0021300031,310,1,1,3,11:32 PM,8:48,,,Dudley  3PT Jump Shot (6 PTS) (Griffin 5 AST),64 - 49,-15,5,201162,Jared Dudley,1610612746.0,Los Angeles,Clippers,LAC,5,201933,Blake Griffin,1610612746.0,Los Angeles,Clippers,LAC,0,0,,,,,,0
0021300031,311,1,1,3,11:33 PM,8:28,Thornton 16' Jump Shot (10 PTS),,,64 - 51,-13,4,201977,Marcus Thornton,1610612758.0,Sacramento,Kings,SAC,0,0,,,,,,0,0,,,,,,0
0021300031,312,1,1,3,11:33 PM,8:16,,,Dudley 19' Jump Shot (8 PTS) (Griffin 6 AST),66 - 51,-15,5,201162,Jared Dudley,1610612746.0,Los Angeles,Clippers,LAC,5,201933,Blake Griffin,1610612746.0,Los Angeles,Clippers,LAC,0,0,,,,,,0
0021300031,313,9,1,3,11:33 PM,8:16,KINGS Timeout: Regular (Full 3 Short 0),,,,,2,1610612758,,,,,,0,0,,,,,,0,0,,,,,,0
0021300031,315,1,78,3,11:36 PM,7:55,Vasquez 9' Floating Jump Shot (6 PTS) (Salmons 3 AST),,,66 - 53,-13,4,202349,Greivis Vasquez,1610612758.0,Sacramento,Kings,SAC,4,2422,John Salmons,1610612758.0,Sacramento,Kings,SAC,0,0,,,,,,0
0021300031,316,2,1,3,11:36 PM,7:48,,,MISS Dudley 20' Jump Shot,,,5,201162,Jared Dudley,1610612746.0,Los Angeles,Clippers,LAC,0,0,,,,,,0,0,,,,,,0
0021300031,317,4,0,3,11:36 PM,7:47,,,Griffin REBOUND (Off:3 Def:10),,,5,201933,Blake Griffin,1610612746.0,Los Angeles,Clippers,LAC,0,0,,,,,,0,0,,,,,,0
0021300031,318,5,2,3,11:36 PM,7:39,Patterson STEAL (1 STL),,Paul Lost Ball Turnover (P1.T7),,,5,101108,Chris Paul,1610612746.0,Los Angeles,Clippers,LAC,4,202335,Patrick Patterson,1610612758.0,Sacramento,Kings,SAC,0,0,,,,,,0
0021300031,319,6,1,3,11:36 PM,7:39,,,Jordan P.FOUL (P3.T3),,,5,201599,DeAndre Jordan,1610612746.0,Los Angeles,Clippers,LAC,4,202335,Patrick Patterson,1610612758.0,Sacramento,Kings,SAC,1,0,,,,,,0
0021300031,320,2,1,3,11:37 PM,7:16,MISS Patterson 10' Jump Shot,,,,,4,202335,Patrick Patterson,1610612758.0,Sacramento,Kings,SAC,0,0,,,,,,0,0,,,,,,0
0021300031,321,4,0,3,11:37 PM,7:16,KINGS Rebound,,,,,2,1610612758,,,,,,0,0,,,,,,0,0,,,,,,0
0021300031,322,1,42,3,11:38 PM,7:06,Cousins 4' Driving Layup (13 PTS),,,66 - 55,-11,4,202326,DeMarcus Cousins,1610612758.0,Sacramento,Kings,SAC,0,0,,,,,,0,0,,,,,,0
0021300031,323,6,2,3,11:38 PM,7:06,,,Jordan S.FOUL (P4.T4),,,5,201599,DeAndre Jordan,1610612746.0,Los Angeles,Clippers,LAC,4,202326,DeMarcus Cousins,1610612758.0,Sacramento,Kings,SAC,1,0,,,,,,0
0021300031,324,3,10,3,11:38 PM,7:06,Cousins Free Throw 1 of 1 (14 PTS),,,66 - 56,-10,4,202326,DeMarcus Cousins,1610612758.0,Sacramento,Kings,SAC,0,0,,,,,,0,0,,,,,,0
0021300031,326,2,1,3,11:38 PM,6:52,,,MISS Paul 15' Jump Shot,,,5,101108,Chris Paul,1610612746.0,Los Angeles,Clippers,LAC,0,0,,,,,,0,0,,,,,,0
0021300031,327,4,0,3,11:38 PM,6:52,Cousins REBOUND (Off:2 Def:6),,,,,4,202326,DeMarcus Cousins,1610612758.0,Sacramento,Kings,SAC,0,0,,,,,,0,0,,,,,,0
0021300031,328,2,1,3,11:38 PM,6:45,MISS Thornton 25' 3PT Jump Shot,,,,,4,201977,Marcus Thornton,1610612758.0,Sacramento,Kings,SAC,0,0,,,,,,0,0,,,,,,0
0021300031,329,4,0,3,11:38 PM,6:45,,,Jordan REBOUND (Off:3 Def:5),,,5,201599,DeAndre Jordan,1610612746.0,Los Angeles,Clippers,LAC,0,0,,,,,,0,0,,,,,,0
0021300031,330,1,56,3,11:39 PM,6:23,,,Griffin 8' Running Hook Shot (14 PTS),68 - 56,-12,5,201933,Blake Griffin,1610612746.0,Los Angeles,Clippers,LAC,0,0,,,,,,0,0,,,,,,0
0021300031,331,6,1,3,11:39 PM,6:06,,,Paul P.FOUL (P2.PN),,,5,101108,Chris Paul,1610612746.0,Los Angeles,Clippers,LAC,4,202349,Greivis Vasquez,1610612758.0,Sacramento,Kings,SAC,1,0,,,,,,0
0021300031,332,3,11,3,11:40 PM,6:06,Vasquez Free Throw 1 of 2 (7 PTS),,,68 - 57,-11,4,202349,Greivis Vasquez,1610612758.0,Sacramento,Kings,SAC,0,0,,,,,,0,0,,,,,,0
0021300031,334,8,0,3,11:40 PM,6:06,,,SUB: Hollins FOR Jordan,,,5,201599,DeAndre Jordan,1610612746.0,Los Angeles,Clippers,LAC,5,200797,Ryan Hollins,1610612746.0,Los Angeles,Clippers,LAC,0,0,,,,,,0
0021300031,335,3,12,3,11:40 PM,6:06,Vasquez Free Throw 2 of 2 (8 PTS),,,68 - 58,-10,4,202349,Greivis Vasquez,1610612758.0,Sacramento,Kings,SAC,0,0,,,,,,0,0,,,,,,0
0021300031,337,2,58,3,11:41 PM,5:48,,,MISS Griffin 9' Turnaround Hook Shot,,,5,201933,Blake Griffin,1610612746.0,Los Angeles,Clippers,LAC,0,0,,,,,,0,0,,,,,,0
0021300031,338,4,0,3,11:41 PM,5:48,Patterson REBOUND (Off:1 Def:2),,,,,4,202335,Patrick Patterson,1610612758.0,Sacramento,Kings,SAC,0,0,,,,,,0,0,,,,,,0
0021300031,339,1,43,3,11:41 PM,5:38,Cousins 3' Alley Oop Layup (16 PTS) (Vasquez 4 AST),,,68 - 60,-8,4,202326,DeMarcus Cousins,1610612758.0,Sacramento,Kings,SAC,4,202349,Greivis Vasquez,1610612758.0,Sacramento,Kings,SAC,0,0,,,,,,0
0021300031,340,9,1,3,11:41 PM,5:38,,,Clippers Timeout: Regular (Reg.3 Short 1),,,3,1610612746,,,,,,0,0,,,,,,0,0,,,,,,0
0021300031,343,8,0,3,11:43 PM,5:38,SUB: Thompson FOR Patterson,,,,,4,202335,Patrick Patterson,1610612758.0,Sacramento,Kings,SAC,4,201574,Jason Thompson,1610612758.0,Sacramento,Kings,SAC,0,0,,,,,,0
0021300031,344,6,26,3,11:44 PM,5:26,,,Dudley Offensive Charge Foul (P2.PN),,,5,201162,Jared Dudley,1610612746.0,Los Angeles,Clippers,LAC,4,202326,DeMarcus Cousins,1610612758.0,Sacramento,Kings,SAC,1,0,,,,,,0
0021300031,345,5,5,3,11:44 PM,5:26,,,Dudley Foul Turnover (P1.T8),,,5,201162,Jared Dudley,1610612746.0,Los Angeles,Clippers,LAC,0,0,,,,,,1,0,,,,,,0
0021300031,346,8,0,3,11:44 PM,5:26,,,SUB: Crawford FOR Dudley,,,5,201162,Jared Dudley,1610612746.0,Los Angeles,Clippers,LAC,5,2037,Jamal Crawford,1610612746.0,Los Angeles,Clippers,LAC,0,0,,,,,,0
0021300031,347,8,0,3,11:44 PM,5:26,,,SUB: Barnes FOR Redick,,,5,200755,JJ Redick,1610612746.0,Los Angeles,Clippers,LAC,5,2440,Matt Barnes,1610612746.0,Los Angeles,Clippers,LAC,0,0,,,,,,0
0021300031,348,6,1,3,11:44 PM,5:19,,,Hollins P.FOUL (P3.PN),,,5,200797,Ryan Hollins,1610612746.0,Los Angeles,Clippers,LAC,4,201977,Marcus Thornton,1610612758.0,Sacramento,Kings,SAC,1,0,,,,,,0
0021300031,349,3,11,3,11:45 PM,5:19,Thornton Free Throw 1 of 2 (11 PTS),,,68 - 61,-7,4,201977,Marcus Thornton,1610612758.0,Sacramento,Kings,SAC,0,0,,,,,,0,0,,,,,,0
0021300031,351,3,12,3,11:45 PM,5:19,Thornton Free Throw 2 of 2 (12 PTS),,,68 - 62,-6,4,201977,Marcus Thornton,1610612758.0,Sacramento,Kings,SAC,0,0,,,,,,0,0,,,,,,0
0021300031,353,2,1,3,11:45 PM,5:07,,,MISS Paul 26' 3PT Jump Shot,,,5,101108,Chris Paul,1610612746.0,Los Angeles,Clippers,LAC,0,0,,,,,,0,0,,,,,,0
0021300031,354,4,0,3,11:45 PM,5:05,,,Paul REBOUND (Off:2 Def:1),,,5,101108,Chris Paul,1610612746.0,Los Angeles,Clippers,LAC,0,0,,,,,,0,0,,,,,,0
0021300031,355,1,52,3,11:45 PM,5:03,,,Griffin 2' Alley Oop Dunk (16 PTS) (Paul 7 AST),70 - 62,-8,5,201933,Blake Griffin,1610612746.0,Los Angeles,Clippers,LAC,5,101108,Chris Paul,1610612746.0,Los Angeles,Clippers,LAC,0,0,,,,,,0
0021300031,356,5,4,3,11:46 PM,4:37,Salmons Traveling Turnover (P1.T5),,,,,4,2422,John Salmons,1610612758.0,Sacramento,Kings,SAC,0,0,,,,,,1,0,,,,,,0
0021300031,357,8,0,3,11:46 PM,4:37,SUB: Thomas FOR Vasquez,,,,,4,202349,Greivis Vasquez,1610612758.0,Sacramento,Kings,SAC,4,202738,Isaiah Thomas,1610612758.0,Sacramento,Kings,SAC,0,0,,,,,,0
0021300031,358,6,1,3,11:47 PM,4:25,Thomas P.FOUL (P1.T2),,,,,4,202738,Isaiah Thomas,1610612758.0,Sacramento,Kings,SAC,5,201933,Blake Griffin,1610612746.0,Los Angeles,Clippers,LAC,1,0,,,,,,0
0021300031,359,6,11,3,11:47 PM,4:25,Thomas T.FOUL (P1.T2),,,,,4,202738,Isaiah Thomas,1610612758.0,Sacramento,Kings,SAC,0,0,,,,,,1,0,,,,,,0
0021300031,360,3,16,3,11:47 PM,4:25,,,Paul Free Throw Technical (14 PTS),71 - 62,-9,5,101108,Chris Paul,1610612746.0,Los Angeles,Clippers,LAC,0,0,,,,,,0,0,,,,,,0
0021300031,362,2,1,3,11:47 PM,4:19,,,MISS Griffin 21' Jump Shot,,,5,201933,Blake Griffin,1610612746.0,Los Angeles,Clippers,LAC,0,0,,,,,,0,0,,,,,,0
0021300031,363,4,0,3,11:47 PM,4:19,Thornton REBOUND (Off:1 Def:1),,,,,4,201977,Marcus Thornton,1610612758.0,Sacramento,Kings,SAC,0,0,,,,,,0,0,,,,,,0
0021300031,364,1,1,3,11:48 PM,4:03,Thomas  3PT Jump Shot (15 PTS) (Cousins 3 AST),,,71 - 65,-6,4,202738,Isaiah Thomas,1610612758.0,Sacramento,Kings,SAC,4,202326,DeMarcus Cousins,1610612758.0,Sacramento,Kings,SAC,0,0,,,,,,0
0021300031,365,5,4,3,11:48 PM,3:52,,,Hollins Traveling Turnover (P2.T9),,,5,200797,Ryan Hollins,1610612746.0,Los Angeles,Clippers,LAC,0,0,,,,,,1,0,,,,,,0
0021300031,366,8,0,3,11:48 PM,3:52,SUB: Outlaw FOR Salmons,,,,,4,2422,John Salmons,1610612758.0,Sacramento,Kings,SAC,4,2566,Travis Outlaw,1610612758.0,Sacramento,Kings,SAC,0,0,,,,,,0
0021300031,367,2,5,3,11:49 PM,3:34,MISS Cousins 3' Layup,,Hollins BLOCK (1 BLK),,,4,202326,DeMarcus Cousins,1610612758.0,Sacramento,Kings,SAC,0,0,,,,,,5,200797,Ryan Hollins,1610612746.0,Los Angeles,Clippers,LAC,0
0021300031,368,4,0,3,11:49 PM,3:33,,,Clippers Rebound,,,3,1610612746,,,,,,0,0,,,,,,0,0,,,,,,0
0021300031,369,1,1,3,11:49 PM,3:18,,,Paul 25' 3PT Jump Shot (17 PTS) (Griffin 7 AST),74 - 65,-9,5,101108,Chris Paul,1610612746.0,Los Angeles,Clippers,LAC,5,201933,Blake Griffin,1610612746.0,Los Angeles,Clippers,LAC,0,0,,,,,,0
0021300031,370,6,1,3,11:50 PM,2:58,,,Hollins P.FOUL (P4.PN),,,5,200797,Ryan Hollins,1610612746.0,Los Angeles,Clippers,LAC,4,202326,DeMarcus Cousins,1610612758.0,Sacramento,Kings,SAC,1,0,,,,,,0
0021300031,371,3,11,3,11:50 PM,2:58,MISS Cousins Free Throw 1 of 2,,,,,4,202326,DeMarcus Cousins,1610612758.0,Sacramento,Kings,SAC,0,0,,,,,,0,0,,,,,,0
0021300031,372,4,1,3,11:50 PM,2:58,KINGS Rebound,,,,,2,1610612758,,,,,,0,0,,,,,,0,0,,,,,,0
0021300031,373,3,12,3,11:50 PM,2:58,Cousins Free Throw 2 of 2 (17 PTS),,,74 - 66,-8,4,202326,DeMarcus Cousins,1610612758.0,Sacramento,Kings,SAC,0,0,,,,,,0,0,,,,,,0
0021300031,375,5,8,3,11:51 PM,2:46,,,Hollins 3 Second Violation Turnover (P3.T10),,,5,200797,Ryan Hollins,1610612746.0,Los Angeles,Clippers,LAC,0,0,,,,,,1,0,,,,,,0
0021300031,376,8,0,3,11:51 PM,2:46,SUB: McLemore FOR Thornton,,,,,4,201977,Marcus Thornton,1610612758.0,Sacramento,Kings,SAC,4,203463,Ben McLemore,1610612758.0,Sacramento,Kings,SAC,0,0,,,,,,0
0021300031,377,6,1,3,11:51 PM,2:35,,,Hollins P.FOUL (P5.PN),,,5,200797,Ryan Hollins,1610612746.0,Los Angeles,Clippers,LAC,4,202326,DeMarcus Cousins,1610612758.0,Sacramento,Kings,SAC,1,0,,,,,,0
0021300031,378,3,11,3,11:51 PM,2:35,Cousins Free Throw 1 of 2 (18 PTS),,,74 - 67,-7,4,202326,DeMarcus Cousins,1610612758.0,Sacramento,Kings,SAC,0,0,,,,,,0,0,,,,,,0
0021300031,380,8,0,3,11:52 PM,2:35,,,SUB: Mullens FOR Hollins,,,5,200797,Ryan Hollins,1610612746.0,Los Angeles,Clippers,LAC,5,201957,Byron Mullens,1610612746.0,Los Angeles,Clippers,LAC,0,0,,,,,,0
0021300031,381,3,12,3,11:52 PM,2:35,Cousins Free Throw 2 of 2 (19 PTS),,,74 - 68,-6,4,202326,DeMarcus Cousins,1610612758.0,Sacramento,Kings,SAC,0,0,,,,,,0,0,,,,,,0
0021300031,383,1,78,3,11:52 PM,2:18,,,Crawford 10' Floating Jump Shot (12 PTS) (Paul 8 AST),76 - 68,-8,5,2037,Jamal Crawford,1610612746.0,Los Angeles,Clippers,LAC,5,101108,Chris Paul,1610612746.0,Los Angeles,Clippers,LAC,0,0,,,,,,0
0021300031,384,6,14,3,11:52 PM,1:57,,,Barnes FLAGRANT.FOUL.TYPE1 (P2.PN),,,5,2440,Matt Barnes,1610612746.0,Los Angeles,Clippers,LAC,4,201574,Jason Thompson,1610612758.0,Sacramento,Kings,SAC,1,0,,,,,,0
0021300031,385,18,0,3,11:53 PM,1:57,,Support Ruling,,,,0,384,Calbert Cheaney,,,,,0,0,,,,,,1,0,,,,,,0
0021300031,386,3,18,3,11:54 PM,1:57,MISS Thompson Free Throw Flagrant 1 of 2,,,,,4,201574,Jason Thompson,1610612758.0,Sacramento,Kings,SAC,0,0,,,,,,0,0,,,,,,0
0021300031,387,4,1,3,11:54 PM,1:57,KINGS Rebound,,,,,2,1610612758,,,,,,0,0,,,,,,0,0,,,,,,0
0021300031,388,3,19,3,11:55 PM,1:57,Thompson Free Throw Flagrant 2 of 2 (7 PTS),,,76 - 69,-7,4,201574,Jason Thompson,1610612758.0,Sacramento,Kings,SAC,0,0,,,,,,0,0,,,,,,0
0021300031,390,8,0,3,11:55 PM,1:57,SUB: Hayes FOR Cousins,,,,,4,202326,DeMarcus Cousins,1610612758.0,Sacramento,Kings,SAC,4,101236,Chuck Hayes,1610612758.0,Sacramento,Kings,SAC,0,0,,,,,,0
0021300031,392,1,78,3,11:55 PM,1:46,Thomas 9' Floating Jump Shot (17 PTS),,,76 - 71,-5,4,202738,Isaiah Thomas,1610612758.0,Sacramento,Kings,SAC,0,0,,,,,,0,0,,,,,,0
0021300031,393,6,26,3,11:56 PM,1:42,,,Griffin Offensive Charge Foul (P2.PN),,,5,201933,Blake Griffin,1610612746.0,Los Angeles,Clippers,LAC,4,201574,Jason Thompson,1610612758.0,Sacramento,Kings,SAC,1,0,,,,,,0
0021300031,394,5,5,3,11:56 PM,1:42,,,Griffin Foul Turnover (P2.T11),,,5,201933,Blake Griffin,1610612746.0,Los Angeles,Clippers,LAC,0,0,,,,,,1,0,,,,,,0
0021300031,395,6,2,3,11:56 PM,1:25,,,Paul S.FOUL (P3.PN),,,5,101108,Chris Paul,1610612746.0,Los Angeles,Clippers,LAC,4,202738,Isaiah Thomas,1610612758.0,Sacramento,Kings,SAC,1,0,,,,,,0
0021300031,396,3,13,3,11:57 PM,1:25,Thomas Free Throw 1 of 3 (18 PTS),,,76 - 72,-4,4,202738,Isaiah Thomas,1610612758.0,Sacramento,Kings,SAC,0,0,,,,,,0,0,,,,,,0
0021300031,398,3,14,3,11:57 PM,1:25,Thomas Free Throw 2 of 3 (19 PTS),,,76 - 73,-3,4,202738,Isaiah Thomas,1610612758.0,Sacramento,Kings,SAC,0,0,,,,,,0,0,,,,,,0
0021300031,400,8,0,3,11:57 PM,1:25,,,SUB: Collison FOR Paul,,,5,101108,Chris Paul,1610612746.0,Los Angeles,Clippers,LAC,5,201954,Darren Collison,1610612746.0,Los Angeles,Clippers,LAC,0,0,,,,,,0
0021300031,401,3,15,3,11:57 PM,1:25,Thomas Free Throw 3 of 3 (20 PTS),,,76 - 74,-2,4,202738,Isaiah Thomas,1610612758.0,Sacramento,Kings,SAC,0,0,,,,,,0,0,,,,,,0
0021300031,403,2,1,3,11:57 PM,1:06,,,MISS Barnes  3PT Jump Shot,,,5,2440,Matt Barnes,1610612746.0,Los Angeles,Clippers,LAC,0,0,,,,,,0,0,,,,,,0
0021300031,404,4,0,3,11:58 PM,1:05,Thomas REBOUND (Off:0 Def:1),,,,,4,202738,Isaiah Thomas,1610612758.0,Sacramento,Kings,SAC,0,0,,,,,,0,0,,,,,,0
0021300031,405,6,1,3,11:58 PM,1:04,,,Barnes P.FOUL (P3.PN),,,5,2440,Matt Barnes,1610612746.0,Los Angeles,Clippers,LAC,4,203463,Ben McLemore,1610612758.0,Sacramento,Kings,SAC,1,0,,,,,,0
0021300031,406,3,11,3,11:58 PM,1:04,MISS McLemore Free Throw 1 of 2,,,,,4,203463,Ben McLemore,1610612758.0,Sacramento,Kings,SAC,0,0,,,,,,0,0,,,,,,0
0021300031,407,4,1,3,11:58 PM,1:04,KINGS Rebound,,,,,2,1610612758,,,,,,0,0,,,,,,0,0,,,,,,0
0021300031,408,3,12,3,11:58 PM,1:04,MISS McLemore Free Throw 2 of 2,,,,,4,203463,Ben McLemore,1610612758.0,Sacramento,Kings,SAC,0,0,,,,,,0,0,,,,,,0
0021300031,410,4,0,3,11:58 PM,1:03,,,Crawford REBOUND (Off:0 Def:1),,,5,2037,Jamal Crawford,1610612746.0,Los Angeles,Clippers,LAC,0,0,,,,,,0,0,,,,,,0
0021300031,411,1,1,3,11:59 PM,0:48,,,Crawford 24' 3PT Jump Shot (15 PTS) (Barnes 3 AST),79 - 74,-5,5,2037,Jamal Crawford,1610612746.0,Los Angeles,Clippers,LAC,5,2440,Matt Barnes,1610612746.0,Los Angeles,Clippers,LAC,0,0,,,,,,0
0021300031,412,6,2,3,11:59 PM,0:48,Outlaw S.FOUL (P1.T3),,,,,4,2566,Travis Outlaw,1610612758.0,Sacramento,Kings,SAC,5,2037,Jamal Crawford,1610612746.0,Los Angeles,Clippers,LAC,1,0,,,,,,0
0021300031,413,8,0,3,11:59 PM,0:48,SUB: Cousins FOR Hayes,,,,,4,101236,Chuck Hayes,1610612758.0,Sacramento,Kings,SAC,4,202326,DeMarcus Cousins,1610612758.0,Sacramento,Kings,SAC,0,0,,,,,,0
0021300031,414,3,10,3,11:59 PM,0:48,,,MISS Crawford Free Throw 1 of 1,,,5,2037,Jamal Crawford,1610612746.0,Los Angeles,Clippers,LAC,0,0,,,,,,0,0,,,,,,0
0021300031,416,4,0,3,11:59 PM,0:48,Cousins REBOUND (Off:2 Def:7),,,,,4,202326,DeMarcus Cousins,1610612758.0,Sacramento,Kings,SAC,0,0,,,,,,0,0,,,,,,0
0021300031,417,6,2,3,12:00 AM,0:32,,,Mullens S.FOUL (P3.PN),,,5,201957,Byron Mullens,1610612746.0,Los Angeles,Clippers,LAC,4,202326,DeMarcus Cousins,1610612758.0,Sacramento,Kings,SAC,1,0,,,,,,0
0021300031,418,3,11,3,12:00 AM,0:32,Cousins Free Throw 1 of 2 (20 PTS),,,79 - 75,-4,4,202326,DeMarcus Cousins,1610612758.0,Sacramento,Kings,SAC,0,0,,,,,,0,0,,,,,,0
0021300031,425,3,12,3,12:00 AM,0:32,Free Throw 2 of 2,,,,,4,202326,DeMarcus Cousins,1610612758.0,Sacramento,Kings,SAC,0,0,,,,,,0,0,,,,,,0
0021300031,465,4,0,3,12:00 AM,0:32,,,Clippers Rebound,,,3,1610612746,,,,,,0,0,,,,,,0,0,,,,,,0
0021300031,424,8,0,3,12:00 AM,0:32,SUB: Hayes FOR Cousins,,,,,4,202326,DeMarcus Cousins,1610612758.0,Sacramento,Kings,SAC,4,101236,Chuck Hayes,1610612758.0,Sacramento,Kings,SAC,0,0,,,,,,0
0021300031,426,6,26,3,12:01 AM,0:15,,,Mullens Offensive Charge Foul (P4.PN),,,5,201957,Byron Mullens,1610612746.0,Los Angeles,Clippers,LAC,4,101236,Chuck Hayes,1610612758.0,Sacramento,Kings,SAC,1,0,,,,,,0
0021300031,427,5,5,3,12:01 AM,0:15,,,Mullens Foul Turnover (P1.T12),,,5,201957,Byron Mullens,1610612746.0,Los Angeles,Clippers,LAC,0,0,,,,,,1,0,,,,,,0
0021300031,428,8,0,3,12:01 AM,0:15,SUB: Cousins FOR Hayes,,,,,4,101236,Chuck Hayes,1610612758.0,Sacramento,Kings,SAC,4,202326,DeMarcus Cousins,1610612758.0,Sacramento,Kings,SAC,0,0,,,,,,0
0021300031,429,2,1,3,12:02 AM,0:02,MISS Cousins 16' Jump Shot,,,,,4,202326,DeMarcus Cousins,1610612758.0,Sacramento,Kings,SAC,0,0,,,,,,0,0,,,,,,0
0021300031,431,4,0,3,12:02 AM,0:00,Outlaw REBOUND (Off:2 Def:0),,,,,4,2566,Travis Outlaw,1610612758.0,Sacramento,Kings,SAC,0,0,,,,,,0,0,,,,,,0
0021300031,430,1,4,3,12:02 AM,0:00,Outlaw 2' Tip Shot (2 PTS),,,79 - 77,-2,4,2566,Travis Outlaw,1610612758.0,Sacramento,Kings,SAC,0,0,,,,,,0,0,,,,,,0
0021300031,432,18,0,3,12:02 AM,0:00,,Support Ruling,,,,0,430,,,,,,0,0,,,,,,1,0,,,,,,0
0021300031,433,13,0,3,12:03 AM,0:00,,End of 3rd Period (12:03 AM EST),,79 - 77,-2,0,0,,,,,,0,0,,,,,,0,0,,,,,,0
0021300031,435,12,0,4,12:05 AM,12:00,,Start of 4th Period (12:05 AM EST),,79 - 77,-2,0,0,,,,,,0,0,,,,,,0,0,,,,,,0
0021300031,437,1,7,4,12:05 AM,11:41,Thompson 2' Dunk (9 PTS) (Thomas 2 AST),,,79 - 79,TIE,4,201574,Jason Thompson,1610612758.0,Sacramento,Kings,SAC,4,202738,Isaiah Thomas,1610612758.0,Sacramento,Kings,SAC,0,0,,,,,,0
0021300031,438,6,2,4,12:06 AM,11:15,McLemore S.FOUL (P3.T1),,,,,4,203463,Ben McLemore,1610612758.0,Sacramento,Kings,SAC,5,2440,Matt Barnes,1610612746.0,Los Angeles,Clippers,LAC,1,0,,,,,,0
0021300031,439,3,11,4,12:06 AM,11:15,,,MISS Barnes Free Throw 1 of 2,,,5,2440,Matt Barnes,1610612746.0,Los Angeles,Clippers,LAC,0,0,,,,,,0,0,,,,,,0
0021300031,440,4,1,4,12:06 AM,11:15,,,Clippers Rebound,,,3,1610612746,,,,,,0,0,,,,,,0,0,,,,,,0
0021300031,441,3,12,4,12:06 AM,11:15,,,Barnes Free Throw 2 of 2 (5 PTS),80 - 79,-1,5,2440,Matt Barnes,1610612746.0,Los Angeles,Clippers,LAC,0,0,,,,,,0,0,,,,,,0
0021300031,443,2,1,4,12:07 AM,10:53,MISS Thomas 20' Jump Shot,,,,,4,202738,Isaiah Thomas,1610612758.0,Sacramento,Kings,SAC,0,0,,,,,,0,0,,,,,,0
0021300031,444,4,0,4,12:07 AM,10:52,Hayes REBOUND (Off:1 Def:1),,,,,4,101236,Chuck Hayes,1610612758.0,Sacramento,Kings,SAC,0,0,,,,,,0,0,,,,,,0
0021300031,445,2,5,4,12:07 AM,10:40,MISS McLemore 3' Layup,,,,,4,203463,Ben McLemore,1610612758.0,Sacramento,Kings,SAC,0,0,,,,,,0,0,,,,,,0
0021300031,446,4,0,4,12:07 AM,10:38,,,Griffin REBOUND (Off:3 Def:11),,,5,201933,Blake Griffin,1610612746.0,Los Angeles,Clippers,LAC,0,0,,,,,,0,0,,,,,,0
0021300031,447,1,42,4,12:07 AM,10:21,,,Collison 4' Driving Layup (2 PTS) (Crawford 1 AST),82 - 79,-3,5,201954,Darren Collison,1610612746.0,Los Angeles,Clippers,LAC,5,2037,Jamal Crawford,1610612746.0,Los Angeles,Clippers,LAC,0,0,,,,,,0
0021300031,448,5,1,4,12:07 AM,10:04,Outlaw Bad Pass Turnover (P1.T6),,Barnes STEAL (2 STL),,,4,2566,Travis Outlaw,1610612758.0,Sacramento,Kings,SAC,5,2440,Matt Barnes,1610612746.0,Los Angeles,Clippers,LAC,0,0,,,,,,0
0021300031,449,1,42,4,12:08 AM,10:01,,,Barnes 2' Driving Layup (7 PTS),84 - 79,-5,5,2440,Matt Barnes,1610612746.0,Los Angeles,Clippers,LAC,0,0,,,,,,0,0,,,,,,0
0021300031,450,1,1,4,12:08 AM,9:38,McLemore 15' Jump Shot (2 PTS),,,84 - 81,-3,4,203463,Ben McLemore,1610612758.0,Sacramento,Kings,SAC,0,0,,,,,,0,0,,,,,,0
0021300031,451,1,1,4,12:08 AM,9:24,,,Barnes 24' 3PT Jump Shot (10 PTS) (Collison 3 AST),87 - 81,-6,5,2440,Matt Barnes,1610612746.0,Los Angeles,Clippers,LAC,5,201954,Darren Collison,1610612746.0,Los Angeles,Clippers,LAC,0,0,,,,,,0
0021300031,452,6,1,4,12:08 AM,9:11,,,Collison P.FOUL (P1.T1),,,5,201954,Darren Collison,1610612746.0,Los Angeles,Clippers,LAC,4,202738,Isaiah Thomas,1610612758.0,Sacramento,Kings,SAC,1,0,,,,,,0
0021300031,453,1,79,4,12:09 AM,8:59,Thomas 21' Pullup Jump Shot (22 PTS) (Thompson 2 AST),,,87 - 83,-4,4,202738,Isaiah Thomas,1610612758.0,Sacramento,Kings,SAC,4,201574,Jason Thompson,1610612758.0,Sacramento,Kings,SAC,0,0,,,,,,0
0021300031,454,2,1,4,12:09 AM,8:37,,,MISS Mullens 26' 3PT Jump Shot,,,5,201957,Byron Mullens,1610612746.0,Los Angeles,Clippers,LAC,0,0,,,,,,0,0,,,,,,0
0021300031,455,4,0,4,12:09 AM,8:36,Thomas REBOUND (Off:0 Def:2),,,,,4,202738,Isaiah Thomas,1610612758.0,Sacramento,Kings,SAC,0,0,,,,,,0,0,,,,,,0
0021300031,456,1,46,4,12:09 AM,8:31,Thomas 14' Running Jump Shot (24 PTS),,,87 - 85,-2,4,202738,Isaiah Thomas,1610612758.0,Sacramento,Kings,SAC,0,0,,,,,,0,0,,,,,,0
0021300031,457,6,2,4,12:09 AM,8:31,,,Collison S.FOUL (P2.T2),,,5,201954,Darren Collison,1610612746.0,Los Angeles,Clippers,LAC,4,202738,Isaiah Thomas,1610612758.0,Sacramento,Kings,SAC,1,0,,,,,,0
0021300031,458,9,4,4,12:10 AM,8:31,,Timeout: Official,,,,1,0,,,,,,0,0,,,,,,0,0,,,,,,0
0021300031,461,8,0,4,12:12 AM,8:31,,,SUB: Paul FOR Collison,,,5,201954,Darren Collison,1610612746.0,Los Angeles,Clippers,LAC,5,101108,Chris Paul,1610612746.0,Los Angeles,Clippers,LAC,0,0,,,,,,0
0021300031,463,3,10,4,12:12 AM,8:31,Thomas Free Throw 1 of 1 (25 PTS),,,87 - 86,-1,4,202738,Isaiah Thomas,1610612758.0,Sacramento,Kings,SAC,0,0,,,,,,0,0,,,,,,0
0021300031,466,1,1,4,12:12 AM,8:16,,,Crawford 24' 3PT Jump Shot (18 PTS) (Paul 9 AST),90 - 86,-4,5,2037,Jamal Crawford,1610612746.0,Los Angeles,Clippers,LAC,5,101108,Chris Paul,1610612746.0,Los Angeles,Clippers,LAC,0,0,,,,,,0
0021300031,467,1,63,4,12:13 AM,7:59,Thomas 12' Fadeaway Jumper (27 PTS),,,90 - 88,-2,4,202738,Isaiah Thomas,1610612758.0,Sacramento,Kings,SAC,0,0,,,,,,0,0,,,,,,0
0021300031,469,2,1,4,12:13 AM,7:31,,,MISS Barnes 26' 3PT Jump Shot,,,5,2440,Matt Barnes,1610612746.0,Los Angeles,Clippers,LAC,0,0,,,,,,0,0,,,,,,0
0021300031,471,4,0,4,12:13 AM,7:31,Hayes REBOUND (Off:1 Def:2),,,,,4,101236,Chuck Hayes,1610612758.0,Sacramento,Kings,SAC,0,0,,,,,,0,0,,,,,,0
0021300031,472,1,42,4,12:13 AM,7:15,Thomas 4' Driving Layup (29 PTS),,,90 - 90,TIE,4,202738,Isaiah Thomas,1610612758.0,Sacramento,Kings,SAC,0,0,,,,,,0,0,,,,,,0
0021300031,474,2,1,4,12:14 AM,6:59,,,MISS Paul 18' Jump Shot,,,5,101108,Chris Paul,1610612746.0,Los Angeles,Clippers,LAC,0,0,,,,,,0,0,,,,,,0
0021300031,475,4,0,4,12:14 AM,6:59,,,Clippers Rebound,,,3,1610612746,,,,,,0,0,,,,,,0,0,,,,,,0
0021300031,476,6,3,4,12:14 AM,6:59,McLemore L.B.FOUL (P4.T2),,,,,4,203463,Ben McLemore,1610612758.0,Sacramento,Kings,SAC,5,2440,Matt Barnes,1610612746.0,Los Angeles,Clippers,LAC,1,0,,,,,,0
0021300031,477,8,0,4,12:14 AM,6:59,,,SUB: Jordan FOR Griffin,,,5,201933,Blake Griffin,1610612746.0,Los Angeles,Clippers,LAC,5,201599,DeAndre Jordan,1610612746.0,Los Angeles,Clippers,LAC,0,0,,,,,,0
0021300031,478,8,0,4,12:14 AM,6:59,,,SUB: Dudley FOR Barnes,,,5,2440,Matt Barnes,1610612746.0,Los Angeles,Clippers,LAC,5,201162,Jared Dudley,1610612746.0,Los Angeles,Clippers,LAC,0,0,,,,,,0
0021300031,479,8,0,4,12:14 AM,6:59,SUB: Thornton FOR McLemore,,,,,4,203463,Ben McLemore,1610612758.0,Sacramento,Kings,SAC,4,201977,Marcus Thornton,1610612758.0,Sacramento,Kings,SAC,0,0,,,,,,0
0021300031,480,8,0,4,12:14 AM,6:59,SUB: Cousins FOR Hayes,,,,,4,101236,Chuck Hayes,1610612758.0,Sacramento,Kings,SAC,4,202326,DeMarcus Cousins,1610612758.0,Sacramento,Kings,SAC,0,0,,,,,,0
0021300031,481,6,1,4,12:14 AM,6:56,Thompson P.FOUL (P3.T3),,,,,4,201574,Jason Thompson,1610612758.0,Sacramento,Kings,SAC,5,201957,Byron Mullens,1610612746.0,Los Angeles,Clippers,LAC,1,0,,,,,,0
0021300031,482,2,5,4,12:15 AM,6:48,Thompson BLOCK (2 BLK),,MISS Mullens 2' Layup,,,5,201957,Byron Mullens,1610612746.0,Los Angeles,Clippers,LAC,0,0,,,,,,4,201574,Jason Thompson,1610612758.0,Sacramento,Kings,SAC,0
0021300031,483,4,0,4,12:15 AM,6:46,Outlaw REBOUND (Off:2 Def:1),,,,,4,2566,Travis Outlaw,1610612758.0,Sacramento,Kings,SAC,0,0,,,,,,0,0,,,,,,0
0021300031,484,1,7,4,12:15 AM,6:43,Thompson 2' Dunk (11 PTS) (Thomas 3 AST),,,90 - 92,2,4,201574,Jason Thompson,1610612758.0,Sacramento,Kings,SAC,4,202738,Isaiah Thomas,1610612758.0,Sacramento,Kings,SAC,0,0,,,,,,0
0021300031,485,5,1,4,12:15 AM,6:24,,,Paul Bad Pass Turnover (P2.T13),,,5,101108,Chris Paul,1610612746.0,Los Angeles,Clippers,LAC,0,0,,,,,,0,0,,,,,,0
0021300031,487,6,4,4,12:16 AM,6:09,Thompson OFF.Foul (P4),,,,,4,201574,Jason Thompson,1610612758.0,Sacramento,Kings,SAC,5,101108,Chris Paul,1610612746.0,Los Angeles,Clippers,LAC,1,0,,,,,,0
0021300031,488,5,5,4,12:16 AM,6:09,Thompson Foul Turnover (P1.T7),,,,,4,201574,Jason Thompson,1610612758.0,Sacramento,Kings,SAC,0,0,,,,,,1,0,,,,,,0
0021300031,489,8,0,4,12:16 AM,6:09,,,SUB: Redick FOR Crawford,,,5,2037,Jamal Crawford,1610612746.0,Los Angeles,Clippers,LAC,5,200755,JJ Redick,1610612746.0,Los Angeles,Clippers,LAC,0,0,,,,,,0
0021300031,490,8,0,4,12:16 AM,6:09,,,SUB: Griffin FOR Mullens,,,5,201957,Byron Mullens,1610612746.0,Los Angeles,Clippers,LAC,5,201933,Blake Griffin,1610612746.0,Los Angeles,Clippers,LAC,0,0,,,,,,0
0021300031,491,6,1,4,12:16 AM,6:02,Cousins P.FOUL (P2.T4),,,,,4,202326,DeMarcus Cousins,1610612758.0,Sacramento,Kings,SAC,5,201599,DeAndre Jordan,1610612746.0,Los Angeles,Clippers,LAC,1,0,,,,,,0
0021300031,492,8,0,4,12:17 AM,6:02,SUB: Salmons FOR Outlaw,,,,,4,2566,Travis Outlaw,1610612758.0,Sacramento,Kings,SAC,4,2422,John Salmons,1610612758.0,Sacramento,Kings,SAC,0,0,,,,,,0
0021300031,493,1,1,4,12:17 AM,5:45,,,Paul 27' 3PT Jump Shot (20 PTS),93 - 92,-1,5,101108,Chris Paul,1610612746.0,Los Angeles,Clippers,LAC,0,0,,,,,,0,0,,,,,,0
0021300031,494,2,1,4,12:17 AM,5:24,MISS Cousins 8' Jump Shot,,,,,4,202326,DeMarcus Cousins,1610612758.0,Sacramento,Kings,SAC,0,0,,,,,,0,0,,,,,,0
0021300031,495,4,0,4,12:17 AM,5:23,,,Griffin REBOUND (Off:3 Def:12),,,5,201933,Blake Griffin,1610612746.0,Los Angeles,Clippers,LAC,0,0,,,,,,0,0,,,,,,0
0021300031,496,6,1,4,12:17 AM,5:20,Thomas P.FOUL (P2.PN),,,,,4,202738,Isaiah Thomas,1610612758.0,Sacramento,Kings,SAC,5,101108,Chris Paul,1610612746.0,Los Angeles,Clippers,LAC,1,0,,,,,,0
0021300031,497,9,1,4,12:18 AM,5:20,KINGS Timeout: Regular (Full 4 Short 0),,,,,2,1610612758,,,,,,0,0,,,,,,0,0,,,,,,0
0021300031,501,3,11,4,12:20 AM,5:20,,,Paul Free Throw 1 of 2 (21 PTS),94 - 92,-2,5,101108,Chris Paul,1610612746.0,Los Angeles,Clippers,LAC,0,0,,,,,,0,0,,,,,,0
0021300031,503,3,12,4,12:21 AM,5:20,,,Paul Free Throw 2 of 2 (22 PTS),95 - 92,-3,5,101108,Chris Paul,1610612746.0,Los Angeles,Clippers,LAC,0,0,,,,,,0,0,,,,,,0
0021300031,505,2,1,4,12:21 AM,4:55,MISS Cousins 25' 3PT Jump Shot,,,,,4,202326,DeMarcus Cousins,1610612758.0,Sacramento,Kings,SAC,0,0,,,,,,0,0,,,,,,0
0021300031,506,4,0,4,12:21 AM,4:54,Thornton REBOUND (Off:2 Def:1),,,,,4,201977,Marcus Thornton,1610612758.0,Sacramento,Kings,SAC,0,0,,,,,,0,0,,,,,,0
0021300031,507,5,11,4,12:21 AM,4:54,KINGS Turnover: Shot Clock (T#8),,,,,2,1610612758,,,,,,0,0,,,,,,1,0,,,,,,0
0021300031,508,6,4,4,12:22 AM,4:50,,,Jordan OFF.Foul (P5),,,5,201599,DeAndre Jordan,1610612746.0,Los Angeles,Clippers,LAC,4,202738,Isaiah Thomas,1610612758.0,Sacramento,Kings,SAC,1,0,,,,,,0
0021300031,509,5,5,4,12:22 AM,4:50,,,Jordan Foul Turnover (P3.T14),,,5,201599,DeAndre Jordan,1610612746.0,Los Angeles,Clippers,LAC,0,0,,,,,,1,0,,,,,,0
0021300031,510,1,1,4,12:22 AM,4:35,Thornton 21' Jump Shot (14 PTS) (Thomas 4 AST),,,95 - 94,-1,4,201977,Marcus Thornton,1610612758.0,Sacramento,Kings,SAC,4,202738,Isaiah Thomas,1610612758.0,Sacramento,Kings,SAC,0,0,,,,,,0
0021300031,511,1,52,4,12:22 AM,4:11,,,Jordan 2' Alley Oop Dunk (6 PTS) (Paul 10 AST),97 - 94,-3,5,201599,DeAndre Jordan,1610612746.0,Los Angeles,Clippers,LAC,5,101108,Chris Paul,1610612746.0,Los Angeles,Clippers,LAC,0,0,,,,,,0
0021300031,512,6,1,4,12:23 AM,3:59,,,Redick P.FOUL (P2.T3),,,5,200755,JJ Redick,1610612746.0,Los Angeles,Clippers,LAC,4,201977,Marcus Thornton,1610612758.0,Sacramento,Kings,SAC,1,0,,,,,,0
0021300031,513,2,1,4,12:23 AM,3:51,MISS Thomas 21' Jump Shot,,,,,4,202738,Isaiah Thomas,1610612758.0,Sacramento,Kings,SAC,0,0,,,,,,0,0,,,,,,0
0021300031,514,4,0,4,12:23 AM,3:50,Cousins REBOUND (Off:3 Def:7),,,,,4,202326,DeMarcus Cousins,1610612758.0,Sacramento,Kings,SAC,0,0,,,,,,0,0,,,,,,0
0021300031,515,2,5,4,12:23 AM,3:48,MISS Cousins 3' Layup,,,,,4,202326,DeMarcus Cousins,1610612758.0,Sacramento,Kings,SAC,0,0,,,,,,0,0,,,,,,0
0021300031,516,4,0,4,12:23 AM,3:48,,,Clippers Rebound,,,3,1610612746,,,,,,0,0,,,,,,0,0,,,,,,0
0021300031,517,6,3,4,12:23 AM,3:48,Thompson L.B.FOUL (P5.PN),,,,,4,201574,Jason Thompson,1610612758.0,Sacramento,Kings,SAC,5,201933,Blake Griffin,1610612746.0,Los Angeles,Clippers,LAC,1,0,,,,,,0
0021300031,518,3,11,4,12:24 AM,3:48,,,Griffin Free Throw 1 of 2 (17 PTS),98 - 94,-4,5,201933,Blake Griffin,1610612746.0,Los Angeles,Clippers,LAC,0,0,,,,,,0,0,,,,,,0
0021300031,520,3,12,4,12:24 AM,3:48,,,Griffin Free Throw 2 of 2 (18 PTS),99 - 94,-5,5,201933,Blake Griffin,1610612746.0,Los Angeles,Clippers,LAC,0,0,,,,,,0,0,,,,,,0
0021300031,522,1,1,4,12:24 AM,3:33,Thornton 25' 3PT Jump Shot (17 PTS) (Cousins 4 AST),,,99 - 97,-2,4,201977,Marcus Thornton,1610612758.0,Sacramento,Kings,SAC,4,202326,DeMarcus Cousins,1610612758.0,Sacramento,Kings,SAC,0,0,,,,,,0
0021300031,523,5,1,4,12:25 AM,3:11,Cousins STEAL (3 STL),,Paul Bad Pass Turnover (P3.T15),,,5,101108,Chris Paul,1610612746.0,Los Angeles,Clippers,LAC,4,202326,DeMarcus Cousins,1610612758.0,Sacramento,Kings,SAC,0,0,,,,,,0
0021300031,524,2,1,4,12:25 AM,3:00,MISS Thornton 25' 3PT Jump Shot,,,,,4,201977,Marcus Thornton,1610612758.0,Sacramento,Kings,SAC,0,0,,,,,,0,0,,,,,,0
0021300031,525,4,0,4,12:25 AM,3:00,,,Griffin REBOUND (Off:3 Def:13),,,5,201933,Blake Griffin,1610612746.0,Los Angeles,Clippers,LAC,0,0,,,,,,0,0,,,,,,0
0021300031,526,2,1,4,12:25 AM,2:48,Cousins BLOCK (2 BLK),,MISS Paul 6' Jump Shot,,,5,101108,Chris Paul,1610612746.0,Los Angeles,Clippers,LAC,0,0,,,,,,4,202326,DeMarcus Cousins,1610612758.0,Sacramento,Kings,SAC,0
0021300031,527,4,0,4,12:25 AM,2:48,,,Clippers Rebound,,,3,1610612746,,,,,,0,0,,,,,,0,0,,,,,,0
0021300031,528,6,19,4,12:25 AM,2:48,Cousins Taunting (P2.PN),,,,,4,202326,DeMarcus Cousins,1610612758.0,Sacramento,Kings,SAC,0,0,,,,,,1,0,,,,,,0
0021300031,529,9,1,4,12:25 AM,2:48,,,Clippers Timeout: Regular (Reg.4 Short 1),,,3,1610612746,,,,,,0,0,,,,,,0,0,,,,,,0
0021300031,533,3,16,4,12:28 AM,2:48,,,Redick Free Throw Technical (13 PTS),100 - 97,-3,5,200755,JJ Redick,1610612746.0,Los Angeles,Clippers,LAC,0,0,,,,,,0,0,,,,,,0
0021300031,535,6,29,4,12:28 AM,2:39,Thompson Shooting Block Foul (P6.PN),,,,,4,201574,Jason Thompson,1610612758.0,Sacramento,Kings,SAC,5,201599,DeAndre Jordan,1610612746.0,Los Angeles,Clippers,LAC,1,0,,,,,,0
0021300031,536,8,0,4,12:29 AM,2:39,SUB: Patterson FOR Thompson,,,,,4,201574,Jason Thompson,1610612758.0,Sacramento,Kings,SAC,4,202335,Patrick Patterson,1610612758.0,Sacramento,Kings,SAC,0,0,,,,,,0
0021300031,537,3,11,4,12:29 AM,2:39,,,Jordan Free Throw 1 of 2 (7 PTS),101 - 97,-4,5,201599,DeAndre Jordan,1610612746.0,Los Angeles,Clippers,LAC,0,0,,,,,,0,0,,,,,,0
0021300031,539,3,12,4,12:30 AM,2:39,,,Jordan Free Throw 2 of 2 (8 PTS),102 - 97,-5,5,201599,DeAndre Jordan,1610612746.0,Los Angeles,Clippers,LAC,0,0,,,,,,0,0,,,,,,0
0021300031,541,1,65,4,12:30 AM,2:20,Cousins 7' Jump Hook Shot (22 PTS),,,102 - 99,-3,4,202326,DeMarcus Cousins,1610612758.0,Sacramento,Kings,SAC,0,0,,,,,,0,0,,,,,,0
0021300031,542,2,1,4,12:31 AM,1:54,,,MISS Paul 21' Jump Shot,,,5,101108,Chris Paul,1610612746.0,Los Angeles,Clippers,LAC,0,0,,,,,,0,0,,,,,,0
0021300031,543,4,0,4,12:31 AM,1:53,Thornton REBOUND (Off:2 Def:2),,,,,4,201977,Marcus Thornton,1610612758.0,Sacramento,Kings,SAC,0,0,,,,,,0,0,,,,,,0
0021300031,552,5,40,4,12:31 AM,1:33,Cousins Out of Bounds Lost Ball Turnover (P4.T9),,,,,4,202326,DeMarcus Cousins,1610612758.0,Sacramento,Kings,SAC,0,0,,,,,,0,0,,,,,,0
0021300031,545,18,1,4,12:32 AM,1:33,,Overturn Ruling,,,,0,544,,,,,,0,0,,,,,,1,0,,,,,,0
0021300031,546,6,1,4,12:34 AM,1:25,Salmons P.FOUL (P2.PN),,,,,4,2422,John Salmons,1610612758.0,Sacramento,Kings,SAC,5,201162,Jared Dudley,1610612746.0,Los Angeles,Clippers,LAC,1,0,,,,,,0
0021300031,547,3,11,4,12:34 AM,1:25,,,Dudley Free Throw 1 of 2 (9 PTS),103 - 99,-4,5,201162,Jared Dudley,1610612746.0,Los Angeles,Clippers,LAC,0,0,,,,,,0,0,,,,,,0
0021300031,549,3,12,4,12:34 AM,1:25,,,Dudley Free Throw 2 of 2 (10 PTS),104 - 99,-5,5,201162,Jared Dudley,1610612746.0,Los Angeles,Clippers,LAC,0,0,,,,,,0,0,,,,,,0
0021300031,551,9,2,4,12:35 AM,1:25,KINGS Timeout: Short (Full 4 Short 1),,,,,2,1610612758,,,,,,0,0,,,,,,0,0,,,,,,0
0021300031,556,5,1,4,12:36 AM,1:20,Thomas Bad Pass Turnover (P1.T10),,Jordan STEAL (1 STL),,,4,202738,Isaiah Thomas,1610612758.0,Sacramento,Kings,SAC,5,201599,DeAndre Jordan,1610612746.0,Los Angeles,Clippers,LAC,0,0,,,,,,0
0021300031,558,6,1,4,12:36 AM,1:19,Cousins P.FOUL (P3.PN),,,,,4,202326,DeMarcus Cousins,1610612758.0,Sacramento,Kings,SAC,5,101108,Chris Paul,1610612746.0,Los Angeles,Clippers,LAC,1,0,,,,,,0
0021300031,559,3,11,4,12:36 AM,1:19,,,Paul Free Throw 1 of 2 (23 PTS),105 - 99,-6,5,101108,Chris Paul,1610612746.0,Los Angeles,Clippers,LAC,0,0,,,,,,0,0,,,,,,0
0021300031,561,8,0,4,12:36 AM,1:19,SUB: McLemore FOR Salmons,,,,,4,2422,John Salmons,1610612758.0,Sacramento,Kings,SAC,4,203463,Ben McLemore,1610612758.0,Sacramento,Kings,SAC,0,0,,,,,,0
0021300031,562,8,0,4,12:37 AM,1:19,,,SUB: Crawford FOR Dudley,,,5,201162,Jared Dudley,1610612746.0,Los Angeles,Clippers,LAC,5,2037,Jamal Crawford,1610612746.0,Los Angeles,Clippers,LAC,0,0,,,,,,0
0021300031,563,3,12,4,12:37 AM,1:19,,,Paul Free Throw 2 of 2 (24 PTS),106 - 99,-7,5,101108,Chris Paul,1610612746.0,Los Angeles,Clippers,LAC,0,0,,,,,,0,0,,,,,,0
0021300031,565,6,1,4,12:37 AM,1:10,,,Paul P.FOUL (P4.T4),,,5,101108,Chris Paul,1610612746.0,Los Angeles,Clippers,LAC,4,202738,Isaiah Thomas,1610612758.0,Sacramento,Kings,SAC,1,0,,,,,,0
0021300031,566,1,7,4,12:37 AM,1:04,Cousins 2' Dunk (24 PTS) (McLemore 1 AST),,,106 - 101,-5,4,202326,DeMarcus Cousins,1610612758.0,Sacramento,Kings,SAC,4,203463,Ben McLemore,1610612758.0,Sacramento,Kings,SAC,0,0,,,,,,0
0021300031,567,6,1,4,12:38 AM,0:47,Cousins P.FOUL (P4.PN),,,,,4,202326,DeMarcus Cousins,1610612758.0,Sacramento,Kings,SAC,5,101108,Chris Paul,1610612746.0,Los Angeles,Clippers,LAC,1,0,,,,,,0
0021300031,568,3,11,4,12:38 AM,0:47,,,Paul Free Throw 1 of 2 (25 PTS),107 - 101,-6,5,101108,Chris Paul,1610612746.0,Los Angeles,Clippers,LAC,0,0,,,,,,0,0,,,,,,0
0021300031,570,3,12,4,12:39 AM,0:47,,,Paul Free Throw 2 of 2 (26 PTS),108 - 101,-7,5,101108,Chris Paul,1610612746.0,Los Angeles,Clippers,LAC,0,0,,,,,,0,0,,,,,,0
0021300031,572,9,1,4,12:39 AM,0:47,KINGS Timeout: Regular (Full 5 Short 1),,,,,2,1610612758,,,,,,0,0,,,,,,0,0,,,,,,0
0021300031,575,2,1,4,12:40 AM,0:39,MISS Patterson 25' 3PT Jump Shot,,,,,4,202335,Patrick Patterson,1610612758.0,Sacramento,Kings,SAC,0,0,,,,,,0,0,,,,,,0
0021300031,576,4,0,4,12:41 AM,0:38,,,Paul REBOUND (Off:2 Def:2),,,5,101108,Chris Paul,1610612746.0,Los Angeles,Clippers,LAC,0,0,,,,,,0,0,,,,,,0
0021300031,577,6,1,4,12:41 AM,0:20,Cousins P.FOUL (P5.PN),,,,,4,202326,DeMarcus Cousins,1610612758.0,Sacramento,Kings,SAC,5,201933,Blake Griffin,1610612746.0,Los Angeles,Clippers,LAC,1,0,,,,,,0
0021300031,578,3,11,4,12:41 AM,0:20,,,Griffin Free Throw 1 of 2 (19 PTS),109 - 101,-8,5,201933,Blake Griffin,1610612746.0,Los Angeles,Clippers,LAC,0,0,,,,,,0,0,,,,,,0
0021300031,580,8,0,4,12:41 AM,0:20,SUB: Ndiaye FOR Cousins,,,,,4,202326,DeMarcus Cousins,1610612758.0,Sacramento,Kings,SAC,4,202380,Hamady Ndiaye,1610612758.0,Sacramento,Kings,SAC,0,0,,,,,,0
0021300031,581,3,12,4,12:41 AM,0:20,,,Griffin Free Throw 2 of 2 (20 PTS),110 - 101,-9,5,201933,Blake Griffin,1610612746.0,Los Angeles,Clippers,LAC,0,0,,,,,,0,0,,,,,,0
0021300031,583,2,1,4,12:42 AM,0:11,MISS Thomas 18' Jump Shot,,,,,4,202738,Isaiah Thomas,1610612758.0,Sacramento,Kings,SAC,0,0,,,,,,0,0,,,,,,0
0021300031,584,4,0,4,12:42 AM,0:10,,,Griffin REBOUND (Off:3 Def:14),,,5,201933,Blake Griffin,1610612746.0,Los Angeles,Clippers,LAC,0,0,,,,,,0,0,,,,,,0
0021300031,586,13,0,4,12:42 AM,0:00,,End of 4th Period (12:42 AM EST),,110 - 101,-9,0,0,,,,,,0,0,,,,,,0,0,,,,,,0
