GAME_ID,EVENTNUM,EVENTMSGTYPE,EVENTMSGACTIONTYPE,PERIOD,WCTIMESTRING,PCTIMESTRING,HOMEDESCRIPTION,NEUTRALDESCRIPTION,VISITORDESCRIPTION,SCORE,SCOREMARGIN,PERSON1TYPE,PLAYER1_ID,PLAYER1_NAME,PLAYER1_TEAM_ID,PLAYER1_TEAM_CITY,PLAYER1_TEAM_NICKNAME,PLAYER1_TEAM_ABBREVIATION,PERSON2TYPE,PLAYER2_ID,PLAYER2_NAME,PLAYER2_TEAM_ID,PLAYER2_TEAM_CITY,PLAYER2_TEAM_NICKNAME,PLAYER2_TEAM_ABBREVIATION,PERSON3TYPE,PLAYER3_ID,PLAYER3_NAME,PLAYER3_TEAM_ID,PLAYER3_TEAM_CITY,PLAYER3_TEAM_NICKNAME,PLAYER3_TEAM_ABBREVIATION,VIDEO_AVAILABLE_FLAG
0021400975,0,12,0,1,10:12 PM,12:00,,Start of 1st Period (10:12 PM EST),,,,0,0,,,,,,0,0,,,,,,0,0,,,,,,0
0021400975,1,10,0,1,10:12 PM,12:00,Jump Ball Lopez vs. Drummond: Tip to Monroe,,,,,4,201577,Robin Lopez,1610612757.0,Portland,Trail Blazers,POR,5,203083,Andre Drummond,1610612765.0,Detroit,Pistons,DET,5,202328,Greg Monroe,1610612765.0,Detroit,Pistons,DET,1
0021400975,2,2,3,1,10:12 PM,11:40,,,MISS Drummond 7' Hook Shot,,,5,203083,Andre Drummond,1610612765.0,Detroit,Pistons,DET,0,0,,,,,,0,0,,,,,,1
0021400975,3,4,0,1,10:12 PM,11:39,Batum REBOUND (Off:0 Def:1),,,,,4,201587,Nicolas Batum,1610612757.0,Portland,Trail Blazers,POR,0,0,,,,,,0,0,,,,,,1
0021400975,4,2,5,1,10:12 PM,11:32,MISS Lopez 1' Layup,,,,,4,201577,Robin Lopez,1610612757.0,Portland,Trail Blazers,POR,0,0,,,,,,0,0,,,,,,1
0021400975,5,4,0,1,10:12 PM,11:31,,,Drummond REBOUND (Off:0 Def:1),,,5,203083,Andre Drummond,1610612765.0,Detroit,Pistons,DET,0,0,,,,,,0,0,,,,,,1
0021400975,6,2,1,1,10:12 PM,11:07,,,MISS Caldwell-Pope 26' 3PT Jump Shot,,,5,203484,Kentavious Caldwell-Pope,1610612765.0,Detroit,Pistons,DET,0,0,,,,,,0,0,,,,,,1
0021400975,7,4,0,1,10:12 PM,11:06,Batum REBOUND (Off:0 Def:2),,,,,4,201587,Nicolas Batum,1610612757.0,Portland,Trail Blazers,POR,0,0,,,,,,0,0,,,,,,1
0021400975,8,2,1,1,10:13 PM,10:43,MISS Lillard 26' 3PT Jump Shot,,,,,4,203081,Damian Lillard,1610612757.0,Portland,Trail Blazers,POR,0,0,,,,,,0,0,,,,,,1
0021400975,9,4,0,1,10:13 PM,10:42,,,Drummond REBOUND (Off:0 Def:2),,,5,203083,Andre Drummond,1610612765.0,Detroit,Pistons,DET,0,0,,,,,,0,0,,,,,,1
0021400975,10,2,1,1,10:13 PM,10:32,,,MISS Monroe 19' Jump Shot,,,5,202328,Greg Monroe,1610612765.0,Detroit,Pistons,DET,0,0,,,,,,0,0,,,,,,1
0021400975,11,4,0,1,10:13 PM,10:31,Afflalo REBOUND (Off:0 Def:1),,,,,4,201167,Arron Afflalo,1610612757.0,Portland,Trail Blazers,POR,0,0,,,,,,0,0,,,,,,1
0021400975,12,1,73,1,10:13 PM,10:24,Lillard 2' Driving Reverse Layup (2 PTS),,,0 - 2,2,4,203081,Damian Lillard,1610612757.0,Portland,Trail Blazers,POR,0,0,,,,,,0,0,,,,,,1
0021400975,13,1,3,1,10:13 PM,10:05,,,Monroe 6' Hook Shot (2 PTS),2 - 2,TIE,5,202328,Greg Monroe,1610612765.0,Detroit,Pistons,DET,0,0,,,,,,0,0,,,,,,1
0021400975,14,1,1,1,10:14 PM,9:44,Afflalo 25' 3PT Jump Shot (3 PTS) (Lillard 1 AST),,,2 - 5,3,4,201167,Arron Afflalo,1610612757.0,Portland,Trail Blazers,POR,4,203081,Damian Lillard,1610612757.0,Portland,Trail Blazers,POR,0,0,,,,,,1
0021400975,15,2,1,1,10:14 PM,9:21,,,MISS Jackson 16' Jump Shot,,,5,202704,Reggie Jackson,1610612765.0,Detroit,Pistons,DET,0,0,,,,,,0,0,,,,,,1
0021400975,16,4,0,1,10:14 PM,9:20,Batum REBOUND (Off:0 Def:3),,,,,4,201587,Nicolas Batum,1610612757.0,Portland,Trail Blazers,POR,0,0,,,,,,0,0,,,,,,1
0021400975,17,1,45,1,10:14 PM,9:15,Afflalo 17' Jump Shot (5 PTS) (Lillard 2 AST),,,2 - 7,5,4,201167,Arron Afflalo,1610612757.0,Portland,Trail Blazers,POR,4,203081,Damian Lillard,1610612757.0,Portland,Trail Blazers,POR,0,0,,,,,,1
0021400975,18,6,2,1,10:14 PM,9:15,,,Butler S.FOUL (P1.T1),,,5,2406,Caron Butler,1610612765.0,Detroit,Pistons,DET,4,201167,Arron Afflalo,1610612757.0,Portland,Trail Blazers,POR,1,0,,,,,,1
0021400975,19,3,10,1,10:15 PM,9:15,Afflalo Free Throw 1 of 1 (6 PTS),,,2 - 8,6,4,201167,Arron Afflalo,1610612757.0,Portland,Trail Blazers,POR,0,0,,,,,,0,0,,,,,,0
0021400975,21,2,5,1,10:15 PM,9:01,,,MISS Caldwell-Pope 2' Layup,,,5,203484,Kentavious Caldwell-Pope,1610612765.0,Detroit,Pistons,DET,0,0,,,,,,0,0,,,,,,1
0021400975,23,4,0,1,10:15 PM,9:00,,,Drummond REBOUND (Off:1 Def:2),,,5,203083,Andre Drummond,1610612765.0,Detroit,Pistons,DET,0,0,,,,,,0,0,,,,,,1
0021400975,22,2,4,1,10:15 PM,9:00,,,MISS Drummond 1' Tip Shot,,,5,203083,Andre Drummond,1610612765.0,Detroit,Pistons,DET,0,0,,,,,,0,0,,,,,,1
0021400975,24,4,0,1,10:15 PM,8:59,,,Pistons Rebound,,,3,1610612765,,,,,,0,0,,,,,,0,0,,,,,,0
0021400975,26,1,3,1,10:15 PM,8:47,,,Monroe 8' Hook Shot (4 PTS) (Caldwell-Pope 1 AST),4 - 8,4,5,202328,Greg Monroe,1610612765.0,Detroit,Pistons,DET,5,203484,Kentavious Caldwell-Pope,1610612765.0,Detroit,Pistons,DET,0,0,,,,,,1
0021400975,27,2,1,1,10:16 PM,8:26,MISS Afflalo 23' Jump Shot,,,,,4,201167,Arron Afflalo,1610612757.0,Portland,Trail Blazers,POR,0,0,,,,,,0,0,,,,,,1
0021400975,29,4,0,1,10:16 PM,8:24,Lopez REBOUND (Off:1 Def:0),,,,,4,201577,Robin Lopez,1610612757.0,Portland,Trail Blazers,POR,0,0,,,,,,0,0,,,,,,1
0021400975,28,2,4,1,10:16 PM,8:24,MISS Lopez  Tip Shot,,,,,4,201577,Robin Lopez,1610612757.0,Portland,Trail Blazers,POR,0,0,,,,,,0,0,,,,,,1
0021400975,30,4,0,1,10:16 PM,8:23,,,Monroe REBOUND (Off:0 Def:1),,,5,202328,Greg Monroe,1610612765.0,Detroit,Pistons,DET,0,0,,,,,,0,0,,,,,,1
0021400975,31,1,42,1,10:16 PM,8:17,,,Jackson 2' Driving Layup (2 PTS),6 - 8,2,5,202704,Reggie Jackson,1610612765.0,Detroit,Pistons,DET,0,0,,,,,,0,0,,,,,,1
0021400975,32,2,47,1,10:16 PM,7:56,MISS Aldridge 12' Turnaround Jump Shot,,,,,4,200746,LaMarcus Aldridge,1610612757.0,Portland,Trail Blazers,POR,0,0,,,,,,0,0,,,,,,1
0021400975,33,4,0,1,10:16 PM,7:54,,,Monroe REBOUND (Off:0 Def:2),,,5,202328,Greg Monroe,1610612765.0,Detroit,Pistons,DET,0,0,,,,,,0,0,,,,,,1
0021400975,34,1,8,1,10:16 PM,7:49,,,Drummond  Slam Dunk (2 PTS) (Jackson 1 AST),8 - 8,TIE,5,203083,Andre Drummond,1610612765.0,Detroit,Pistons,DET,5,202704,Reggie Jackson,1610612765.0,Detroit,Pistons,DET,0,0,,,,,,1
0021400975,35,1,1,1,10:17 PM,7:33,Aldridge 5' Jump Shot (2 PTS),,,8 - 10,2,4,200746,LaMarcus Aldridge,1610612757.0,Portland,Trail Blazers,POR,0,0,,,,,,0,0,,,,,,1
0021400975,36,1,1,1,10:17 PM,7:18,,,Butler 26' 3PT Jump Shot (3 PTS) (Monroe 1 AST),11 - 10,-1,5,2406,Caron Butler,1610612765.0,Detroit,Pistons,DET,5,202328,Greg Monroe,1610612765.0,Detroit,Pistons,DET,0,0,,,,,,1
0021400975,37,2,1,1,10:17 PM,7:03,MISS Batum 18' Jump Shot,,,,,4,201587,Nicolas Batum,1610612757.0,Portland,Trail Blazers,POR,0,0,,,,,,0,0,,,,,,1
0021400975,38,4,0,1,10:17 PM,7:02,,,Jackson REBOUND (Off:0 Def:1),,,5,202704,Reggie Jackson,1610612765.0,Detroit,Pistons,DET,0,0,,,,,,0,0,,,,,,1
0021400975,39,5,4,1,10:17 PM,6:55,,,Monroe Traveling Turnover (P1.T1),,,5,202328,Greg Monroe,1610612765.0,Detroit,Pistons,DET,0,0,,,,,,1,0,,,,,,1
0021400975,40,5,2,1,10:18 PM,6:36,Aldridge Lost Ball Turnover (P1.T1),,Monroe STEAL (1 STL),,,4,200746,LaMarcus Aldridge,1610612757.0,Portland,Trail Blazers,POR,5,202328,Greg Monroe,1610612765.0,Detroit,Pistons,DET,0,0,,,,,,1
0021400975,41,1,5,1,10:18 PM,6:31,,,Caldwell-Pope 1' Layup (2 PTS) (Jackson 2 AST),13 - 10,-3,5,203484,Kentavious Caldwell-Pope,1610612765.0,Detroit,Pistons,DET,5,202704,Reggie Jackson,1610612765.0,Detroit,Pistons,DET,0,0,,,,,,1
0021400975,42,1,1,1,10:18 PM,6:15,Aldridge 18' Jump Shot (4 PTS) (Batum 1 AST),,,13 - 12,-1,4,200746,LaMarcus Aldridge,1610612757.0,Portland,Trail Blazers,POR,4,201587,Nicolas Batum,1610612757.0,Portland,Trail Blazers,POR,0,0,,,,,,1
0021400975,43,1,42,1,10:19 PM,6:01,,,Monroe 2' Driving Layup (6 PTS) (Jackson 3 AST),15 - 12,-3,5,202328,Greg Monroe,1610612765.0,Detroit,Pistons,DET,5,202704,Reggie Jackson,1610612765.0,Detroit,Pistons,DET,0,0,,,,,,1
0021400975,44,6,2,1,10:19 PM,6:01,Batum S.FOUL (P1.T1),,,,,4,201587,Nicolas Batum,1610612757.0,Portland,Trail Blazers,POR,5,202328,Greg Monroe,1610612765.0,Detroit,Pistons,DET,1,0,,,,,,1
0021400975,45,9,1,1,10:19 PM,6:01,TRAIL BLAZERS Timeout: Regular (Full 1 Short 0),,,,,2,1610612757,,,,,,0,0,,,,,,0,0,,,,,,0
0021400975,47,3,10,1,10:21 PM,6:01,,,Monroe Free Throw 1 of 1 (7 PTS),16 - 12,-4,5,202328,Greg Monroe,1610612765.0,Detroit,Pistons,DET,0,0,,,,,,0,0,,,,,,0
0021400975,50,1,3,1,10:22 PM,5:37,Lopez 11' Hook Shot (2 PTS) (Lillard 3 AST),,,16 - 14,-2,4,201577,Robin Lopez,1610612757.0,Portland,Trail Blazers,POR,4,203081,Damian Lillard,1610612757.0,Portland,Trail Blazers,POR,0,0,,,,,,1
0021400975,51,1,46,1,10:22 PM,5:15,,,Jackson 8' Running Jump Shot (4 PTS),18 - 14,-4,5,202704,Reggie Jackson,1610612765.0,Detroit,Pistons,DET,0,0,,,,,,0,0,,,,,,1
0021400975,52,1,1,1,10:23 PM,4:52,Lillard 30' 3PT Jump Shot (5 PTS),,,18 - 17,-1,4,203081,Damian Lillard,1610612757.0,Portland,Trail Blazers,POR,0,0,,,,,,0,0,,,,,,1
0021400975,53,5,1,1,10:23 PM,4:39,,,Monroe Bad Pass Turnover (P2.T2),,,5,202328,Greg Monroe,1610612765.0,Detroit,Pistons,DET,0,0,,,,,,0,0,,,,,,1
0021400975,54,8,0,1,10:23 PM,4:39,SUB: McCollum FOR Afflalo,,,,,4,201167,Arron Afflalo,1610612757.0,Portland,Trail Blazers,POR,4,203468,CJ McCollum,1610612757.0,Portland,Trail Blazers,POR,0,0,,,,,,0
0021400975,55,8,0,1,10:23 PM,4:39,SUB: Kaman FOR Lopez,,,,,4,201577,Robin Lopez,1610612757.0,Portland,Trail Blazers,POR,4,2549,Chris Kaman,1610612757.0,Portland,Trail Blazers,POR,0,0,,,,,,0
0021400975,56,6,2,1,10:23 PM,4:26,,,Drummond S.FOUL (P1.T2),,,5,203083,Andre Drummond,1610612765.0,Detroit,Pistons,DET,4,201587,Nicolas Batum,1610612757.0,Portland,Trail Blazers,POR,1,0,,,,,,1
0021400975,57,3,11,1,10:24 PM,4:26,Batum Free Throw 1 of 2 (1 PTS),,,18 - 18,TIE,4,201587,Nicolas Batum,1610612757.0,Portland,Trail Blazers,POR,0,0,,,,,,0,0,,,,,,0
0021400975,59,8,0,1,10:24 PM,4:26,,,SUB: Prince FOR Butler,,,5,2406,Caron Butler,1610612765.0,Detroit,Pistons,DET,5,2419,Tayshaun Prince,1610612765.0,Detroit,Pistons,DET,0,0,,,,,,0
0021400975,60,3,12,1,10:24 PM,4:26,Batum Free Throw 2 of 2 (2 PTS),,,18 - 19,1,4,201587,Nicolas Batum,1610612757.0,Portland,Trail Blazers,POR,0,0,,,,,,0,0,,,,,,0
0021400975,62,2,3,1,10:24 PM,4:08,,,MISS Drummond 5' Hook Shot,,,5,203083,Andre Drummond,1610612765.0,Detroit,Pistons,DET,0,0,,,,,,0,0,,,,,,1
0021400975,63,4,0,1,10:24 PM,4:06,,,Jackson REBOUND (Off:1 Def:1),,,5,202704,Reggie Jackson,1610612765.0,Detroit,Pistons,DET,0,0,,,,,,0,0,,,,,,1
0021400975,64,2,1,1,10:25 PM,4:03,,,MISS Caldwell-Pope 27' 3PT Jump Shot,,,5,203484,Kentavious Caldwell-Pope,1610612765.0,Detroit,Pistons,DET,0,0,,,,,,0,0,,,,,,1
0021400975,65,4,0,1,10:25 PM,4:02,,,Drummond REBOUND (Off:2 Def:2),,,5,203083,Andre Drummond,1610612765.0,Detroit,Pistons,DET,0,0,,,,,,0,0,,,,,,1
0021400975,66,6,2,1,10:25 PM,4:01,Kaman S.FOUL (P1.T2),,,,,4,2549,Chris Kaman,1610612757.0,Portland,Trail Blazers,POR,5,203083,Andre Drummond,1610612765.0,Detroit,Pistons,DET,1,0,,,,,,1
0021400975,67,3,11,1,10:25 PM,4:01,,,MISS Drummond Free Throw 1 of 2,,,5,203083,Andre Drummond,1610612765.0,Detroit,Pistons,DET,0,0,,,,,,0,0,,,,,,0
0021400975,68,4,1,1,10:25 PM,4:01,,,Pistons Rebound,,,3,1610612765,,,,,,0,0,,,,,,0,0,,,,,,0
0021400975,69,8,0,1,10:25 PM,4:01,,,SUB: Meeks FOR Caldwell-Pope,,,5,203484,Kentavious Caldwell-Pope,1610612765.0,Detroit,Pistons,DET,5,201975,Jodie Meeks,1610612765.0,Detroit,Pistons,DET,0,0,,,,,,0
0021400975,70,8,0,1,10:25 PM,4:01,SUB: Wright FOR Batum,,,,,4,201587,Nicolas Batum,1610612757.0,Portland,Trail Blazers,POR,4,2748,Dorell Wright,1610612757.0,Portland,Trail Blazers,POR,0,0,,,,,,0
0021400975,71,3,12,1,10:25 PM,4:01,,,MISS Drummond Free Throw 2 of 2,,,5,203083,Andre Drummond,1610612765.0,Detroit,Pistons,DET,0,0,,,,,,0,0,,,,,,0
0021400975,73,4,0,1,10:25 PM,4:00,Wright REBOUND (Off:0 Def:1),,,,,4,2748,Dorell Wright,1610612757.0,Portland,Trail Blazers,POR,0,0,,,,,,0,0,,,,,,1
0021400975,74,1,1,1,10:26 PM,3:37,Aldridge 26' 3PT Jump Shot (7 PTS),,,18 - 22,4,4,200746,LaMarcus Aldridge,1610612757.0,Portland,Trail Blazers,POR,0,0,,,,,,0,0,,,,,,1
0021400975,76,2,3,1,10:26 PM,3:25,,,MISS Drummond 5' Hook Shot,,,5,203083,Andre Drummond,1610612765.0,Detroit,Pistons,DET,0,0,,,,,,0,0,,,,,,1
0021400975,77,4,0,1,10:26 PM,3:23,Kaman REBOUND (Off:0 Def:1),,,,,4,2549,Chris Kaman,1610612757.0,Portland,Trail Blazers,POR,0,0,,,,,,0,0,,,,,,1
0021400975,78,1,1,1,10:26 PM,3:14,Lillard 28' 3PT Jump Shot (8 PTS) (McCollum 1 AST),,,18 - 25,7,4,203081,Damian Lillard,1610612757.0,Portland,Trail Blazers,POR,4,203468,CJ McCollum,1610612757.0,Portland,Trail Blazers,POR,0,0,,,,,,1
0021400975,79,9,1,1,10:26 PM,3:05,,,Pistons Timeout: Regular (Reg.1 Short 0),,,3,1610612765,,,,,,0,0,,,,,,0,0,,,,,,0
0021400975,81,8,0,1,10:28 PM,3:05,,,SUB: Tolliver FOR Monroe,,,5,202328,Greg Monroe,1610612765.0,Detroit,Pistons,DET,5,201229,Anthony Tolliver,1610612765.0,Detroit,Pistons,DET,0,0,,,,,,0
0021400975,83,1,52,1,10:29 PM,2:58,,,Drummond  Alley Oop Dunk (4 PTS) (Jackson 4 AST),20 - 25,5,5,203083,Andre Drummond,1610612765.0,Detroit,Pistons,DET,5,202704,Reggie Jackson,1610612765.0,Detroit,Pistons,DET,0,0,,,,,,1
0021400975,84,1,42,1,10:29 PM,2:40,Lillard 2' Driving Layup (10 PTS) (McCollum 2 AST),,,20 - 27,7,4,203081,Damian Lillard,1610612757.0,Portland,Trail Blazers,POR,4,203468,CJ McCollum,1610612757.0,Portland,Trail Blazers,POR,0,0,,,,,,1
0021400975,85,1,3,1,10:30 PM,2:20,,,Drummond 5' Hook Shot (6 PTS) (Jackson 5 AST),22 - 27,5,5,203083,Andre Drummond,1610612765.0,Detroit,Pistons,DET,5,202704,Reggie Jackson,1610612765.0,Detroit,Pistons,DET,0,0,,,,,,1
0021400975,86,2,1,1,10:30 PM,1:58,MISS Aldridge 11' Jump Shot,,,,,4,200746,LaMarcus Aldridge,1610612757.0,Portland,Trail Blazers,POR,0,0,,,,,,0,0,,,,,,1
0021400975,87,4,0,1,10:30 PM,1:57,,,Jackson REBOUND (Off:1 Def:2),,,5,202704,Reggie Jackson,1610612765.0,Detroit,Pistons,DET,0,0,,,,,,0,0,,,,,,1
0021400975,88,2,1,1,10:30 PM,1:50,,,MISS Meeks  3PT Jump Shot,,,5,201975,Jodie Meeks,1610612765.0,Detroit,Pistons,DET,0,0,,,,,,0,0,,,,,,1
0021400975,89,4,0,1,10:30 PM,1:48,Kaman REBOUND (Off:0 Def:2),,,,,4,2549,Chris Kaman,1610612757.0,Portland,Trail Blazers,POR,0,0,,,,,,0,0,,,,,,1
0021400975,90,1,1,1,10:30 PM,1:43,McCollum 16' Jump Shot (2 PTS) (Lillard 4 AST),,,22 - 29,7,4,203468,CJ McCollum,1610612757.0,Portland,Trail Blazers,POR,4,203081,Damian Lillard,1610612757.0,Portland,Trail Blazers,POR,0,0,,,,,,1
0021400975,91,1,5,1,10:30 PM,1:30,,,Meeks 3' Layup (2 PTS) (Jackson 6 AST),24 - 29,5,5,201975,Jodie Meeks,1610612765.0,Detroit,Pistons,DET,5,202704,Reggie Jackson,1610612765.0,Detroit,Pistons,DET,0,0,,,,,,1
0021400975,92,1,1,1,10:31 PM,1:05,Lillard 24' 3PT Jump Shot (13 PTS) (Wright 1 AST),,,24 - 32,8,4,203081,Damian Lillard,1610612757.0,Portland,Trail Blazers,POR,4,2748,Dorell Wright,1610612757.0,Portland,Trail Blazers,POR,0,0,,,,,,1
0021400975,93,2,1,1,10:31 PM,0:48,,,MISS Prince 20' Jump Shot,,,5,2419,Tayshaun Prince,1610612765.0,Detroit,Pistons,DET,0,0,,,,,,0,0,,,,,,1
0021400975,94,4,0,1,10:31 PM,0:47,,,Drummond REBOUND (Off:3 Def:2),,,5,203083,Andre Drummond,1610612765.0,Detroit,Pistons,DET,0,0,,,,,,0,0,,,,,,1
0021400975,95,2,3,1,10:31 PM,0:43,,,MISS Drummond 10' Hook Shot,,,5,203083,Andre Drummond,1610612765.0,Detroit,Pistons,DET,0,0,,,,,,0,0,,,,,,1
0021400975,96,4,0,1,10:31 PM,0:41,Aldridge REBOUND (Off:0 Def:1),,,,,4,200746,LaMarcus Aldridge,1610612757.0,Portland,Trail Blazers,POR,0,0,,,,,,0,0,,,,,,1
0021400975,98,8,0,1,10:32 PM,0:32,,,SUB: Dinwiddie FOR Jackson,,,5,202704,Reggie Jackson,1610612765.0,Detroit,Pistons,DET,5,203915,Spencer Dinwiddie,1610612765.0,Detroit,Pistons,DET,0,0,,,,,,0
0021400975,99,2,1,1,10:32 PM,0:29,MISS McCollum 27' 3PT Jump Shot,,,,,4,203468,CJ McCollum,1610612757.0,Portland,Trail Blazers,POR,0,0,,,,,,0,0,,,,,,1
0021400975,100,4,0,1,10:32 PM,0:28,Kaman REBOUND (Off:1 Def:2),,,,,4,2549,Chris Kaman,1610612757.0,Portland,Trail Blazers,POR,0,0,,,,,,0,0,,,,,,1
0021400975,101,2,1,1,10:32 PM,0:14,MISS Aldridge 5' Jump Shot,,,,,4,200746,LaMarcus Aldridge,1610612757.0,Portland,Trail Blazers,POR,0,0,,,,,,0,0,,,,,,1
0021400975,102,4,0,1,10:32 PM,0:13,Kaman REBOUND (Off:2 Def:2),,,,,4,2549,Chris Kaman,1610612757.0,Portland,Trail Blazers,POR,0,0,,,,,,0,0,,,,,,1
0021400975,103,2,1,1,10:32 PM,0:04,MISS Lillard 8' Jump Shot,,,,,4,203081,Damian Lillard,1610612757.0,Portland,Trail Blazers,POR,0,0,,,,,,0,0,,,,,,1
0021400975,104,4,0,1,10:32 PM,0:04,Aldridge REBOUND (Off:1 Def:1),,,,,4,200746,LaMarcus Aldridge,1610612757.0,Portland,Trail Blazers,POR,0,0,,,,,,0,0,,,,,,1
0021400975,105,1,5,1,10:32 PM,0:04,Aldridge 1' Layup (9 PTS),,,24 - 34,10,4,200746,LaMarcus Aldridge,1610612757.0,Portland,Trail Blazers,POR,0,0,,,,,,0,0,,,,,,1
0021400975,106,6,2,1,10:32 PM,0:04,,,Tolliver S.FOUL (P1.T3),,,5,201229,Anthony Tolliver,1610612765.0,Detroit,Pistons,DET,4,200746,LaMarcus Aldridge,1610612757.0,Portland,Trail Blazers,POR,1,0,,,,,,1
0021400975,107,8,0,1,10:33 PM,0:04,SUB: Blake FOR Lillard,,,,,4,203081,Damian Lillard,1610612757.0,Portland,Trail Blazers,POR,4,2581,Steve Blake,1610612757.0,Portland,Trail Blazers,POR,0,0,,,,,,0
0021400975,108,3,10,1,10:33 PM,0:04,Aldridge Free Throw 1 of 1 (10 PTS),,,24 - 35,11,4,200746,LaMarcus Aldridge,1610612757.0,Portland,Trail Blazers,POR,0,0,,,,,,0,0,,,,,,0
0021400975,111,2,1,1,10:33 PM,0:00,,,MISS Dinwiddie 26' 3PT Jump Shot,,,5,203915,Spencer Dinwiddie,1610612765.0,Detroit,Pistons,DET,0,0,,,,,,0,0,,,,,,1
0021400975,112,4,0,1,10:33 PM,0:00,,,Pistons Rebound,,,3,1610612765,,,,,,0,0,,,,,,0,0,,,,,,0
0021400975,113,13,0,1,10:33 PM,0:00,,End of 1st Period (10:33 PM EST),,24 - 35,11,0,0,,,,,,0,0,,,,,,0,0,,,,,,0
0021400975,115,12,0,2,10:36 PM,12:00,,Start of 2nd Period (10:36 PM EST),,24 - 35,11,0,0,,,,,,0,0,,,,,,0,0,,,,,,0
0021400975,116,2,3,2,10:36 PM,11:40,MISS Kaman 7' Hook Shot,,,,,4,2549,Chris Kaman,1610612757.0,Portland,Trail Blazers,POR,0,0,,,,,,0,0,,,,,,1
0021400975,117,4,0,2,10:36 PM,11:38,,,Dinwiddie REBOUND (Off:0 Def:1),,,5,203915,Spencer Dinwiddie,1610612765.0,Detroit,Pistons,DET,0,0,,,,,,0,0,,,,,,1
0021400975,118,2,1,2,10:36 PM,11:25,,,MISS Meeks 21' Jump Shot,,,5,201975,Jodie Meeks,1610612765.0,Detroit,Pistons,DET,0,0,,,,,,0,0,,,,,,1
0021400975,119,4,0,2,10:36 PM,11:24,Wright REBOUND (Off:0 Def:2),,,,,4,2748,Dorell Wright,1610612757.0,Portland,Trail Blazers,POR,0,0,,,,,,0,0,,,,,,1
0021400975,120,2,1,2,10:37 PM,11:09,MISS Wright 24' 3PT Jump Shot,,,,,4,2748,Dorell Wright,1610612757.0,Portland,Trail Blazers,POR,0,0,,,,,,0,0,,,,,,1
0021400975,121,4,0,2,10:37 PM,11:08,,,Dinwiddie REBOUND (Off:0 Def:2),,,5,203915,Spencer Dinwiddie,1610612765.0,Detroit,Pistons,DET,0,0,,,,,,0,0,,,,,,1
0021400975,122,1,1,2,10:37 PM,10:58,,,Dinwiddie 26' 3PT Jump Shot (3 PTS),27 - 35,8,5,203915,Spencer Dinwiddie,1610612765.0,Detroit,Pistons,DET,0,0,,,,,,0,0,,,,,,1
0021400975,123,2,46,2,10:37 PM,10:43,MISS McCollum 6' Running Jump Shot,,,,,4,203468,CJ McCollum,1610612757.0,Portland,Trail Blazers,POR,0,0,,,,,,0,0,,,,,,1
0021400975,124,4,0,2,10:37 PM,10:42,,,Dinwiddie REBOUND (Off:0 Def:3),,,5,203915,Spencer Dinwiddie,1610612765.0,Detroit,Pistons,DET,0,0,,,,,,0,0,,,,,,1
0021400975,125,2,66,2,10:37 PM,10:35,,,MISS Dinwiddie 6' Jump Bank Shot,,,5,203915,Spencer Dinwiddie,1610612765.0,Detroit,Pistons,DET,0,0,,,,,,0,0,,,,,,1
0021400975,126,4,0,2,10:37 PM,10:33,Leonard REBOUND (Off:0 Def:1),,,,,4,203086,Meyers Leonard,1610612757.0,Portland,Trail Blazers,POR,0,0,,,,,,0,0,,,,,,1
0021400975,127,1,5,2,10:37 PM,10:28,Kaman 1' Layup (2 PTS) (Blake 1 AST),,,27 - 37,10,4,2549,Chris Kaman,1610612757.0,Portland,Trail Blazers,POR,4,2581,Steve Blake,1610612757.0,Portland,Trail Blazers,POR,0,0,,,,,,1
0021400975,128,6,2,2,10:37 PM,10:28,,,Prince S.FOUL (P1.T1),,,5,2419,Tayshaun Prince,1610612765.0,Detroit,Pistons,DET,4,2549,Chris Kaman,1610612757.0,Portland,Trail Blazers,POR,1,0,,,,,,1
0021400975,129,3,10,2,10:38 PM,10:28,MISS Kaman Free Throw 1 of 1,,,,,4,2549,Chris Kaman,1610612757.0,Portland,Trail Blazers,POR,0,0,,,,,,0,0,,,,,,0
0021400975,131,4,0,2,10:38 PM,10:27,,,Tolliver REBOUND (Off:0 Def:1),,,5,201229,Anthony Tolliver,1610612765.0,Detroit,Pistons,DET,0,0,,,,,,0,0,,,,,,1
0021400975,132,1,1,2,10:38 PM,10:12,,,Meeks 26' 3PT Jump Shot (5 PTS) (Dinwiddie 1 AST),30 - 37,7,5,201975,Jodie Meeks,1610612765.0,Detroit,Pistons,DET,5,203915,Spencer Dinwiddie,1610612765.0,Detroit,Pistons,DET,0,0,,,,,,1
0021400975,133,6,1,2,10:38 PM,9:59,,,Meeks P.FOUL (P1.T2),,,5,201975,Jodie Meeks,1610612765.0,Detroit,Pistons,DET,4,2581,Steve Blake,1610612757.0,Portland,Trail Blazers,POR,1,0,,,,,,1
0021400975,134,1,46,2,10:39 PM,9:51,Leonard 11' Running Jump Shot (2 PTS),,,30 - 39,9,4,203086,Meyers Leonard,1610612757.0,Portland,Trail Blazers,POR,0,0,,,,,,0,0,,,,,,1
0021400975,135,6,2,2,10:39 PM,9:51,,,Tolliver S.FOUL (P2.T3),,,5,201229,Anthony Tolliver,1610612765.0,Detroit,Pistons,DET,4,203086,Meyers Leonard,1610612757.0,Portland,Trail Blazers,POR,1,0,,,,,,1
0021400975,136,3,10,2,10:39 PM,9:51,Leonard Free Throw 1 of 1 (3 PTS),,,30 - 40,10,4,203086,Meyers Leonard,1610612757.0,Portland,Trail Blazers,POR,0,0,,,,,,0,0,,,,,,0
0021400975,139,1,1,2,10:40 PM,9:30,,,Monroe 14' Jump Shot (9 PTS),32 - 40,8,5,202328,Greg Monroe,1610612765.0,Detroit,Pistons,DET,0,0,,,,,,0,0,,,,,,1
0021400975,140,2,1,2,10:40 PM,9:16,MISS Kaman 13' Jump Shot,,,,,4,2549,Chris Kaman,1610612757.0,Portland,Trail Blazers,POR,0,0,,,,,,0,0,,,,,,1
0021400975,141,4,0,2,10:40 PM,9:16,,,Pistons Rebound,,,3,1610612765,,,,,,0,0,,,,,,0,0,,,,,,0
0021400975,142,6,3,2,10:40 PM,9:16,Leonard L.B.FOUL (P1.T1),,,,,4,203086,Meyers Leonard,1610612757.0,Portland,Trail Blazers,POR,5,201229,Anthony Tolliver,1610612765.0,Detroit,Pistons,DET,1,0,,,,,,1
0021400975,143,1,1,2,10:41 PM,8:53,,,Tolliver 20' Jump Shot (2 PTS) (Prince 1 AST),34 - 40,6,5,201229,Anthony Tolliver,1610612765.0,Detroit,Pistons,DET,5,2419,Tayshaun Prince,1610612765.0,Detroit,Pistons,DET,0,0,,,,,,1
0021400975,144,7,5,2,10:41 PM,8:42,,,Meeks Violation:Kicked Ball,,,5,201975,Jodie Meeks,1610612765.0,Detroit,Pistons,DET,0,0,,,,,,1,0,,,,,,0
0021400975,145,9,4,2,10:41 PM,8:42,,Timeout: Official,,,,1,0,,,,,,0,0,,,,,,0,0,,,,,,0
0021400975,148,8,0,2,10:43 PM,8:42,SUB: Batum FOR McCollum,,,,,4,203468,CJ McCollum,1610612757.0,Portland,Trail Blazers,POR,4,201587,Nicolas Batum,1610612757.0,Portland,Trail Blazers,POR,0,0,,,,,,0
0021400975,149,8,0,2,10:43 PM,8:42,SUB: Afflalo FOR Wright,,,,,4,2748,Dorell Wright,1610612757.0,Portland,Trail Blazers,POR,4,201167,Arron Afflalo,1610612757.0,Portland,Trail Blazers,POR,0,0,,,,,,0
0021400975,150,1,1,2,10:44 PM,8:28,Kaman 19' Jump Shot (4 PTS) (Blake 2 AST),,,34 - 42,8,4,2549,Chris Kaman,1610612757.0,Portland,Trail Blazers,POR,4,2581,Steve Blake,1610612757.0,Portland,Trail Blazers,POR,0,0,,,,,,1
0021400975,151,5,36,2,10:44 PM,8:14,,,Tolliver Illegal Screen Turnover (P1.T3),,,5,201229,Anthony Tolliver,1610612765.0,Detroit,Pistons,DET,0,0,,,,,,1,0,,,,,,1
0021400975,154,1,1,2,10:45 PM,7:57,Leonard  3PT Jump Shot (6 PTS) (Batum 2 AST),,,34 - 45,11,4,203086,Meyers Leonard,1610612757.0,Portland,Trail Blazers,POR,4,201587,Nicolas Batum,1610612757.0,Portland,Trail Blazers,POR,0,0,,,,,,1
0021400975,155,2,1,2,10:45 PM,7:30,,,MISS Prince 14' Jump Shot,,,5,2419,Tayshaun Prince,1610612765.0,Detroit,Pistons,DET,0,0,,,,,,0,0,,,,,,1
0021400975,156,4,0,2,10:45 PM,7:29,Leonard REBOUND (Off:0 Def:2),,,,,4,203086,Meyers Leonard,1610612757.0,Portland,Trail Blazers,POR,0,0,,,,,,0,0,,,,,,1
0021400975,157,6,4,2,10:45 PM,7:25,Afflalo OFF.Foul (P1),,,,,4,201167,Arron Afflalo,1610612757.0,Portland,Trail Blazers,POR,5,201975,Jodie Meeks,1610612765.0,Detroit,Pistons,DET,1,0,,,,,,1
0021400975,158,5,5,2,10:45 PM,7:25,Afflalo Foul Turnover (P1.T2),,,,,4,201167,Arron Afflalo,1610612757.0,Portland,Trail Blazers,POR,0,0,,,,,,1,0,,,,,,1
0021400975,159,2,3,2,10:46 PM,7:05,,,MISS Monroe 7' Hook Shot,,,5,202328,Greg Monroe,1610612765.0,Detroit,Pistons,DET,0,0,,,,,,0,0,,,,,,1
0021400975,160,4,0,2,10:46 PM,7:03,Leonard REBOUND (Off:0 Def:3),,,,,4,203086,Meyers Leonard,1610612757.0,Portland,Trail Blazers,POR,0,0,,,,,,0,0,,,,,,1
0021400975,161,1,3,2,10:46 PM,6:53,Kaman 6' Hook Shot (6 PTS),,,34 - 47,13,4,2549,Chris Kaman,1610612757.0,Portland,Trail Blazers,POR,0,0,,,,,,0,0,,,,,,1
0021400975,162,2,1,2,10:46 PM,6:34,,,MISS Dinwiddie 26' 3PT Jump Shot,,,5,203915,Spencer Dinwiddie,1610612765.0,Detroit,Pistons,DET,0,0,,,,,,0,0,,,,,,1
0021400975,164,4,0,2,10:46 PM,6:32,,,Monroe REBOUND (Off:1 Def:2),,,5,202328,Greg Monroe,1610612765.0,Detroit,Pistons,DET,0,0,,,,,,0,0,,,,,,1
0021400975,163,1,4,2,10:46 PM,6:32,,,Monroe  Tip Shot (11 PTS),36 - 47,11,5,202328,Greg Monroe,1610612765.0,Detroit,Pistons,DET,0,0,,,,,,0,0,,,,,,1
0021400975,165,2,47,2,10:47 PM,6:13,MISS Afflalo 12' Turnaround Jump Shot,,,,,4,201167,Arron Afflalo,1610612757.0,Portland,Trail Blazers,POR,0,0,,,,,,0,0,,,,,,1
0021400975,166,4,0,2,10:47 PM,6:12,,,Tolliver REBOUND (Off:0 Def:2),,,5,201229,Anthony Tolliver,1610612765.0,Detroit,Pistons,DET,0,0,,,,,,0,0,,,,,,1
0021400975,167,2,79,2,10:47 PM,6:05,,,MISS Tolliver 27' 3PT Pullup Jump Shot,,,5,201229,Anthony Tolliver,1610612765.0,Detroit,Pistons,DET,0,0,,,,,,0,0,,,,,,1
0021400975,168,4,0,2,10:47 PM,6:04,Kaman REBOUND (Off:2 Def:3),,,,,4,2549,Chris Kaman,1610612757.0,Portland,Trail Blazers,POR,0,0,,,,,,0,0,,,,,,1
0021400975,169,1,3,2,10:47 PM,5:42,Leonard 6' Hook Shot (8 PTS) (Kaman 1 AST),,,36 - 49,13,4,203086,Meyers Leonard,1610612757.0,Portland,Trail Blazers,POR,4,2549,Chris Kaman,1610612757.0,Portland,Trail Blazers,POR,0,0,,,,,,1
0021400975,170,9,1,2,10:47 PM,5:36,,,Pistons Timeout: Regular (Reg.2 Short 0),,,3,1610612765,,,,,,0,0,,,,,,0,0,,,,,,0
0021400975,172,8,0,2,10:49 PM,5:36,SUB: Lopez FOR Kaman,,,,,4,2549,Chris Kaman,1610612757.0,Portland,Trail Blazers,POR,4,201577,Robin Lopez,1610612757.0,Portland,Trail Blazers,POR,0,0,,,,,,0
0021400975,173,8,0,2,10:50 PM,5:36,,,SUB: Drummond FOR Prince,,,5,2419,Tayshaun Prince,1610612765.0,Detroit,Pistons,DET,5,203083,Andre Drummond,1610612765.0,Detroit,Pistons,DET,0,0,,,,,,0
0021400975,174,8,0,2,10:50 PM,5:36,,,SUB: Caldwell-Pope FOR Tolliver,,,5,201229,Anthony Tolliver,1610612765.0,Detroit,Pistons,DET,5,203484,Kentavious Caldwell-Pope,1610612765.0,Detroit,Pistons,DET,0,0,,,,,,0
0021400975,175,8,0,2,10:50 PM,5:36,,,SUB: Jackson FOR Dinwiddie,,,5,203915,Spencer Dinwiddie,1610612765.0,Detroit,Pistons,DET,5,202704,Reggie Jackson,1610612765.0,Detroit,Pistons,DET,0,0,,,,,,0
0021400975,176,1,42,2,10:50 PM,5:26,,,Monroe 1' Driving Layup (13 PTS),38 - 49,11,5,202328,Greg Monroe,1610612765.0,Detroit,Pistons,DET,0,0,,,,,,0,0,,,,,,1
0021400975,177,1,3,2,10:50 PM,5:03,Lopez 8' Hook Shot (4 PTS),,,38 - 51,13,4,201577,Robin Lopez,1610612757.0,Portland,Trail Blazers,POR,0,0,,,,,,0,0,,,,,,1
0021400975,178,2,1,2,10:51 PM,4:41,,,MISS Monroe 15' Jump Shot,,,5,202328,Greg Monroe,1610612765.0,Detroit,Pistons,DET,0,0,,,,,,0,0,,,,,,1
0021400975,179,4,0,2,10:51 PM,4:40,Afflalo REBOUND (Off:0 Def:2),,,,,4,201167,Arron Afflalo,1610612757.0,Portland,Trail Blazers,POR,0,0,,,,,,0,0,,,,,,1
0021400975,180,1,5,2,10:51 PM,4:27,Lopez 1' Layup (6 PTS) (Blake 3 AST),,,38 - 53,15,4,201577,Robin Lopez,1610612757.0,Portland,Trail Blazers,POR,4,2581,Steve Blake,1610612757.0,Portland,Trail Blazers,POR,0,0,,,,,,1
0021400975,181,6,2,2,10:51 PM,4:27,,,Caldwell-Pope S.FOUL (P1.T4),,,5,203484,Kentavious Caldwell-Pope,1610612765.0,Detroit,Pistons,DET,4,201577,Robin Lopez,1610612757.0,Portland,Trail Blazers,POR,1,0,,,,,,1
0021400975,182,8,0,2,10:51 PM,4:27,SUB: Aldridge FOR Leonard,,,,,4,203086,Meyers Leonard,1610612757.0,Portland,Trail Blazers,POR,4,200746,LaMarcus Aldridge,1610612757.0,Portland,Trail Blazers,POR,0,0,,,,,,0
0021400975,183,8,0,2,10:51 PM,4:27,SUB: Lillard FOR Blake,,,,,4,2581,Steve Blake,1610612757.0,Portland,Trail Blazers,POR,4,203081,Damian Lillard,1610612757.0,Portland,Trail Blazers,POR,0,0,,,,,,0
0021400975,184,3,10,2,10:51 PM,4:27,Lopez Free Throw 1 of 1 (7 PTS),,,38 - 54,16,4,201577,Robin Lopez,1610612757.0,Portland,Trail Blazers,POR,0,0,,,,,,0,0,,,,,,0
0021400975,186,2,3,2,10:52 PM,4:13,,,MISS Drummond 4' Hook Shot,,,5,203083,Andre Drummond,1610612765.0,Detroit,Pistons,DET,0,0,,,,,,0,0,,,,,,1
0021400975,187,4,0,2,10:52 PM,4:11,Afflalo REBOUND (Off:0 Def:3),,,,,4,201167,Arron Afflalo,1610612757.0,Portland,Trail Blazers,POR,0,0,,,,,,0,0,,,,,,1
0021400975,188,6,1,2,10:52 PM,4:06,,,Jackson P.FOUL (P1.PN),,,5,202704,Reggie Jackson,1610612765.0,Detroit,Pistons,DET,4,201167,Arron Afflalo,1610612757.0,Portland,Trail Blazers,POR,1,0,,,,,,1
0021400975,189,3,11,2,10:52 PM,4:06,Afflalo Free Throw 1 of 2 (7 PTS),,,38 - 55,17,4,201167,Arron Afflalo,1610612757.0,Portland,Trail Blazers,POR,0,0,,,,,,0,0,,,,,,0
0021400975,191,3,12,2,10:53 PM,4:06,Afflalo Free Throw 2 of 2 (8 PTS),,,38 - 56,18,4,201167,Arron Afflalo,1610612757.0,Portland,Trail Blazers,POR,0,0,,,,,,0,0,,,,,,0
0021400975,194,2,1,2,10:53 PM,3:58,,,MISS Jackson 14' Jump Shot,,,5,202704,Reggie Jackson,1610612765.0,Detroit,Pistons,DET,0,0,,,,,,0,0,,,,,,1
0021400975,195,4,0,2,10:53 PM,3:57,Batum REBOUND (Off:0 Def:4),,,,,4,201587,Nicolas Batum,1610612757.0,Portland,Trail Blazers,POR,0,0,,,,,,0,0,,,,,,1
0021400975,197,5,1,2,10:54 PM,3:46,Batum Bad Pass Turnover (P1.T3),,Monroe STEAL (2 STL),,,4,201587,Nicolas Batum,1610612757.0,Portland,Trail Blazers,POR,5,202328,Greg Monroe,1610612765.0,Detroit,Pistons,DET,0,0,,,,,,1
0021400975,198,1,42,2,10:54 PM,3:40,,,Caldwell-Pope  Driving Layup (4 PTS),40 - 56,16,5,203484,Kentavious Caldwell-Pope,1610612765.0,Detroit,Pistons,DET,0,0,,,,,,0,0,,,,,,1
0021400975,199,2,1,2,10:54 PM,3:24,MISS Aldridge 18' Jump Shot,,,,,4,200746,LaMarcus Aldridge,1610612757.0,Portland,Trail Blazers,POR,0,0,,,,,,0,0,,,,,,1
0021400975,200,4,0,2,10:54 PM,3:23,,,Caldwell-Pope REBOUND (Off:0 Def:1),,,5,203484,Kentavious Caldwell-Pope,1610612765.0,Detroit,Pistons,DET,0,0,,,,,,0,0,,,,,,1
0021400975,201,1,5,2,10:54 PM,3:17,,,Drummond 1' Layup (8 PTS) (Jackson 7 AST),42 - 56,14,5,203083,Andre Drummond,1610612765.0,Detroit,Pistons,DET,5,202704,Reggie Jackson,1610612765.0,Detroit,Pistons,DET,0,0,,,,,,1
0021400975,202,2,3,2,10:54 PM,2:53,MISS Lopez 8' Hook Shot,,,,,4,201577,Robin Lopez,1610612757.0,Portland,Trail Blazers,POR,0,0,,,,,,0,0,,,,,,1
0021400975,203,4,0,2,10:54 PM,2:51,,,Monroe REBOUND (Off:1 Def:3),,,5,202328,Greg Monroe,1610612765.0,Detroit,Pistons,DET,0,0,,,,,,0,0,,,,,,1
0021400975,204,2,1,2,10:55 PM,2:44,,,MISS Jackson 26' 3PT Jump Shot,,,5,202704,Reggie Jackson,1610612765.0,Detroit,Pistons,DET,0,0,,,,,,0,0,,,,,,1
0021400975,205,4,0,2,10:55 PM,2:43,Batum REBOUND (Off:0 Def:5),,,,,4,201587,Nicolas Batum,1610612757.0,Portland,Trail Blazers,POR,0,0,,,,,,0,0,,,,,,1
0021400975,206,1,1,2,10:55 PM,2:31,Afflalo 6' Jump Shot (10 PTS),,,42 - 58,16,4,201167,Arron Afflalo,1610612757.0,Portland,Trail Blazers,POR,0,0,,,,,,0,0,,,,,,1
0021400975,207,6,2,2,10:55 PM,2:17,Aldridge S.FOUL (P1.T2),,,,,4,200746,LaMarcus Aldridge,1610612757.0,Portland,Trail Blazers,POR,5,202328,Greg Monroe,1610612765.0,Detroit,Pistons,DET,1,0,,,,,,1
0021400975,208,9,1,2,10:55 PM,2:17,TRAIL BLAZERS Timeout: Regular (Full 2 Short 0),,,,,2,1610612757,,,,,,0,0,,,,,,0,0,,,,,,0
0021400975,211,8,0,2,10:57 PM,2:17,,,SUB: Butler FOR Meeks,,,5,201975,Jodie Meeks,1610612765.0,Detroit,Pistons,DET,5,2406,Caron Butler,1610612765.0,Detroit,Pistons,DET,0,0,,,,,,0
0021400975,212,3,11,2,10:58 PM,2:17,,,Monroe Free Throw 1 of 2 (14 PTS),43 - 58,15,5,202328,Greg Monroe,1610612765.0,Detroit,Pistons,DET,0,0,,,,,,0,0,,,,,,0
0021400975,214,3,12,2,10:58 PM,2:17,,,Monroe Free Throw 2 of 2 (15 PTS),44 - 58,14,5,202328,Greg Monroe,1610612765.0,Detroit,Pistons,DET,0,0,,,,,,0,0,,,,,,0
0021400975,216,1,47,2,10:58 PM,1:56,Aldridge 13' Turnaround Jump Shot (12 PTS),,,44 - 60,16,4,200746,LaMarcus Aldridge,1610612757.0,Portland,Trail Blazers,POR,0,0,,,,,,0,0,,,,,,1
0021400975,217,2,46,2,10:59 PM,1:35,,,MISS Jackson 7' Running Jump Shot,,,5,202704,Reggie Jackson,1610612765.0,Detroit,Pistons,DET,0,0,,,,,,0,0,,,,,,1
0021400975,218,4,0,2,10:59 PM,1:34,Aldridge REBOUND (Off:1 Def:2),,,,,4,200746,LaMarcus Aldridge,1610612757.0,Portland,Trail Blazers,POR,0,0,,,,,,0,0,,,,,,1
0021400975,219,1,5,2,10:59 PM,1:23,Lopez 1' Layup (9 PTS) (Lillard 5 AST),,,44 - 62,18,4,201577,Robin Lopez,1610612757.0,Portland,Trail Blazers,POR,4,203081,Damian Lillard,1610612757.0,Portland,Trail Blazers,POR,0,0,,,,,,1
0021400975,221,2,5,2,10:59 PM,0:53,,,MISS Monroe 2' Layup,,,5,202328,Greg Monroe,1610612765.0,Detroit,Pistons,DET,0,0,,,,,,0,0,,,,,,1
0021400975,223,4,0,2,10:59 PM,0:53,,,Drummond REBOUND (Off:4 Def:2),,,5,203083,Andre Drummond,1610612765.0,Detroit,Pistons,DET,0,0,,,,,,0,0,,,,,,1
0021400975,222,1,87,2,10:59 PM,0:53,,,Drummond  Putback Dunk (10 PTS),46 - 62,16,5,203083,Andre Drummond,1610612765.0,Detroit,Pistons,DET,0,0,,,,,,0,0,,,,,,1
0021400975,224,2,1,2,11:00 PM,0:38,MISS Aldridge 13' Jump Shot,,,,,4,200746,LaMarcus Aldridge,1610612757.0,Portland,Trail Blazers,POR,0,0,,,,,,0,0,,,,,,1
0021400975,225,4,0,2,11:00 PM,0:37,,,Drummond REBOUND (Off:4 Def:3),,,5,203083,Andre Drummond,1610612765.0,Detroit,Pistons,DET,0,0,,,,,,0,0,,,,,,1
0021400975,226,2,1,2,11:00 PM,0:22,Lopez BLOCK (1 BLK),,MISS Caldwell-Pope 5' Jump Shot,,,5,203484,Kentavious Caldwell-Pope,1610612765.0,Detroit,Pistons,DET,0,0,,,,,,4,201577,Robin Lopez,1610612757.0,Portland,Trail Blazers,POR,1
0021400975,227,4,0,2,11:00 PM,0:21,,,Drummond REBOUND (Off:5 Def:3),,,5,203083,Andre Drummond,1610612765.0,Detroit,Pistons,DET,0,0,,,,,,0,0,,,,,,1
0021400975,228,2,3,2,11:00 PM,0:18,,,MISS Drummond 8' Hook Shot,,,5,203083,Andre Drummond,1610612765.0,Detroit,Pistons,DET,0,0,,,,,,0,0,,,,,,1
0021400975,229,4,0,2,11:00 PM,0:16,Aldridge REBOUND (Off:1 Def:3),,,,,4,200746,LaMarcus Aldridge,1610612757.0,Portland,Trail Blazers,POR,0,0,,,,,,0,0,,,,,,1
0021400975,230,6,2,2,11:01 PM,0:00,,,Drummond S.FOUL (P2.PN),,,5,203083,Andre Drummond,1610612765.0,Detroit,Pistons,DET,4,203081,Damian Lillard,1610612757.0,Portland,Trail Blazers,POR,1,0,,,,,,1
0021400975,231,3,11,2,11:01 PM,0:00,Lillard Free Throw 1 of 2 (14 PTS),,,46 - 63,17,4,203081,Damian Lillard,1610612757.0,Portland,Trail Blazers,POR,0,0,,,,,,0,0,,,,,,0
0021400975,234,3,12,2,11:01 PM,0:00,Lillard Free Throw 2 of 2 (15 PTS),,,46 - 64,18,4,203081,Damian Lillard,1610612757.0,Portland,Trail Blazers,POR,0,0,,,,,,0,0,,,,,,0
0021400975,237,2,1,2,11:01 PM,0:00,,,MISS Jackson 53' 3PT Jump Shot,,,5,202704,Reggie Jackson,1610612765.0,Detroit,Pistons,DET,0,0,,,,,,0,0,,,,,,1
0021400975,238,4,0,2,11:01 PM,0:00,,,Pistons Rebound,,,3,1610612765,,,,,,0,0,,,,,,0,0,,,,,,0
0021400975,239,13,0,2,11:01 PM,0:00,,End of 2nd Period (11:01 PM EST),,46 - 64,18,0,0,,,,,,0,0,,,,,,0,0,,,,,,0
0021400975,241,12,0,3,11:17 PM,12:00,,Start of 3rd Period (11:17 PM EST),,46 - 64,18,0,0,,,,,,0,0,,,,,,0,0,,,,,,0
0021400975,242,2,1,3,11:17 PM,11:46,MISS Afflalo 24' 3PT Jump Shot,,,,,4,201167,Arron Afflalo,1610612757.0,Portland,Trail Blazers,POR,0,0,,,,,,0,0,,,,,,1
0021400975,243,4,0,3,11:17 PM,11:45,,,Drummond REBOUND (Off:5 Def:4),,,5,203083,Andre Drummond,1610612765.0,Detroit,Pistons,DET,0,0,,,,,,0,0,,,,,,1
0021400975,244,6,2,3,11:18 PM,11:37,Aldridge S.FOUL (P2.T1),,,,,4,200746,LaMarcus Aldridge,1610612757.0,Portland,Trail Blazers,POR,5,202328,Greg Monroe,1610612765.0,Detroit,Pistons,DET,1,0,,,,,,1
0021400975,245,3,11,3,11:18 PM,11:37,,,Monroe Free Throw 1 of 2 (16 PTS),47 - 64,17,5,202328,Greg Monroe,1610612765.0,Detroit,Pistons,DET,0,0,,,,,,0,0,,,,,,0
0021400975,247,3,12,3,11:18 PM,11:37,,,Monroe Free Throw 2 of 2 (17 PTS),48 - 64,16,5,202328,Greg Monroe,1610612765.0,Detroit,Pistons,DET,0,0,,,,,,0,0,,,,,,0
0021400975,250,2,1,3,11:18 PM,11:22,MISS Afflalo 25' 3PT Jump Shot,,,,,4,201167,Arron Afflalo,1610612757.0,Portland,Trail Blazers,POR,0,0,,,,,,0,0,,,,,,1
0021400975,251,4,0,3,11:18 PM,11:21,,,Drummond REBOUND (Off:5 Def:5),,,5,203083,Andre Drummond,1610612765.0,Detroit,Pistons,DET,0,0,,,,,,0,0,,,,,,1
0021400975,252,1,46,3,11:19 PM,11:11,,,Jackson 6' Running Jump Shot (6 PTS),50 - 64,14,5,202704,Reggie Jackson,1610612765.0,Detroit,Pistons,DET,0,0,,,,,,0,0,,,,,,1
0021400975,253,1,63,3,11:19 PM,10:47,Aldridge 13' Fadeaway Jumper (14 PTS) (Afflalo 1 AST),,,50 - 66,16,4,200746,LaMarcus Aldridge,1610612757.0,Portland,Trail Blazers,POR,4,201167,Arron Afflalo,1610612757.0,Portland,Trail Blazers,POR,0,0,,,,,,1
0021400975,254,2,42,3,11:19 PM,10:32,,,MISS Jackson 2' Driving Layup,,,5,202704,Reggie Jackson,1610612765.0,Detroit,Pistons,DET,0,0,,,,,,0,0,,,,,,1
0021400975,255,4,0,3,11:19 PM,10:31,Lillard REBOUND (Off:0 Def:1),,,,,4,203081,Damian Lillard,1610612757.0,Portland,Trail Blazers,POR,0,0,,,,,,0,0,,,,,,1
0021400975,256,1,1,3,11:19 PM,10:20,Afflalo 15' Jump Shot (12 PTS) (Aldridge 1 AST),,,50 - 68,18,4,201167,Arron Afflalo,1610612757.0,Portland,Trail Blazers,POR,4,200746,LaMarcus Aldridge,1610612757.0,Portland,Trail Blazers,POR,0,0,,,,,,1
0021400975,257,1,71,3,11:20 PM,9:55,,,Caldwell-Pope 1' Finger Roll Layup (6 PTS) (Monroe 2 AST),52 - 68,16,5,203484,Kentavious Caldwell-Pope,1610612765.0,Detroit,Pistons,DET,5,202328,Greg Monroe,1610612765.0,Detroit,Pistons,DET,0,0,,,,,,1
0021400975,258,1,46,3,11:20 PM,9:32,Aldridge 11' Running Jump Shot (16 PTS) (Lillard 6 AST),,,52 - 70,18,4,200746,LaMarcus Aldridge,1610612757.0,Portland,Trail Blazers,POR,4,203081,Damian Lillard,1610612757.0,Portland,Trail Blazers,POR,0,0,,,,,,1
0021400975,259,1,1,3,11:21 PM,9:16,,,Butler 13' Jump Shot (5 PTS),54 - 70,16,5,2406,Caron Butler,1610612765.0,Detroit,Pistons,DET,0,0,,,,,,0,0,,,,,,1
0021400975,260,1,1,3,11:21 PM,8:54,Aldridge 15' Jump Shot (18 PTS),,,54 - 72,18,4,200746,LaMarcus Aldridge,1610612757.0,Portland,Trail Blazers,POR,0,0,,,,,,0,0,,,,,,1
0021400975,261,2,3,3,11:21 PM,8:30,,,MISS Drummond 6' Hook Shot,,,5,203083,Andre Drummond,1610612765.0,Detroit,Pistons,DET,0,0,,,,,,0,0,,,,,,1
0021400975,262,4,0,3,11:21 PM,8:28,Aldridge REBOUND (Off:1 Def:4),,,,,4,200746,LaMarcus Aldridge,1610612757.0,Portland,Trail Blazers,POR,0,0,,,,,,0,0,,,,,,1
0021400975,263,6,2,3,11:22 PM,8:19,,,Monroe S.FOUL (P1.T1),,,5,202328,Greg Monroe,1610612765.0,Detroit,Pistons,DET,4,200746,LaMarcus Aldridge,1610612757.0,Portland,Trail Blazers,POR,1,0,,,,,,1
0021400975,264,3,11,3,11:22 PM,8:19,Aldridge Free Throw 1 of 2 (19 PTS),,,54 - 73,19,4,200746,LaMarcus Aldridge,1610612757.0,Portland,Trail Blazers,POR,0,0,,,,,,0,0,,,,,,0
0021400975,266,3,12,3,11:22 PM,8:19,Aldridge Free Throw 2 of 2 (20 PTS),,,54 - 74,20,4,200746,LaMarcus Aldridge,1610612757.0,Portland,Trail Blazers,POR,0,0,,,,,,0,0,,,,,,0
0021400975,268,1,1,3,11:22 PM,8:03,,,Jackson 15' Jump Shot (8 PTS),56 - 74,18,5,202704,Reggie Jackson,1610612765.0,Detroit,Pistons,DET,0,0,,,,,,0,0,,,,,,1
0021400975,269,2,47,3,11:23 PM,7:46,MISS Batum 12' Turnaround Jump Shot,,,,,4,201587,Nicolas Batum,1610612757.0,Portland,Trail Blazers,POR,0,0,,,,,,0,0,,,,,,1
0021400975,270,4,0,3,11:23 PM,7:43,,,Butler REBOUND (Off:0 Def:1),,,5,2406,Caron Butler,1610612765.0,Detroit,Pistons,DET,0,0,,,,,,0,0,,,,,,1
0021400975,271,5,1,3,11:23 PM,7:38,Lopez STEAL (1 STL),,Jackson Bad Pass Turnover (P1.T4),,,5,202704,Reggie Jackson,1610612765.0,Detroit,Pistons,DET,4,201577,Robin Lopez,1610612757.0,Portland,Trail Blazers,POR,0,0,,,,,,1
0021400975,272,1,42,3,11:23 PM,7:29,Lillard 2' Driving Layup (17 PTS),,,56 - 76,20,4,203081,Damian Lillard,1610612757.0,Portland,Trail Blazers,POR,0,0,,,,,,0,0,,,,,,1
0021400975,273,9,1,3,11:23 PM,7:29,,,Pistons Timeout: Regular (Reg.3 Short 0),,,3,1610612765,,,,,,0,0,,,,,,0,0,,,,,,0
0021400975,277,2,1,3,11:26 PM,7:12,,,MISS Caldwell-Pope 26' 3PT Jump Shot,,,5,203484,Kentavious Caldwell-Pope,1610612765.0,Detroit,Pistons,DET,0,0,,,,,,0,0,,,,,,1
0021400975,278,4,0,3,11:26 PM,7:11,Batum REBOUND (Off:0 Def:6),,,,,4,201587,Nicolas Batum,1610612757.0,Portland,Trail Blazers,POR,0,0,,,,,,0,0,,,,,,1
0021400975,279,6,2,3,11:26 PM,7:03,,,Drummond S.FOUL (P3.T2),,,5,203083,Andre Drummond,1610612765.0,Detroit,Pistons,DET,4,203081,Damian Lillard,1610612757.0,Portland,Trail Blazers,POR,1,0,,,,,,1
0021400975,280,3,11,3,11:26 PM,7:03,MISS Lillard Free Throw 1 of 2,,,,,4,203081,Damian Lillard,1610612757.0,Portland,Trail Blazers,POR,0,0,,,,,,0,0,,,,,,0
0021400975,281,4,1,3,11:26 PM,7:03,TRAIL BLAZERS Rebound,,,,,2,1610612757,,,,,,0,0,,,,,,0,0,,,,,,0
0021400975,282,3,12,3,11:26 PM,7:03,Lillard Free Throw 2 of 2 (18 PTS),,,56 - 77,21,4,203081,Damian Lillard,1610612757.0,Portland,Trail Blazers,POR,0,0,,,,,,0,0,,,,,,0
0021400975,285,1,3,3,11:27 PM,6:45,,,Drummond 6' Hook Shot (12 PTS),58 - 77,19,5,203083,Andre Drummond,1610612765.0,Detroit,Pistons,DET,0,0,,,,,,0,0,,,,,,1
0021400975,286,1,43,3,11:27 PM,6:32,Batum 2' Alley Oop Layup (4 PTS) (Lillard 7 AST),,,58 - 79,21,4,201587,Nicolas Batum,1610612757.0,Portland,Trail Blazers,POR,4,203081,Damian Lillard,1610612757.0,Portland,Trail Blazers,POR,0,0,,,,,,1
0021400975,287,1,1,3,11:28 PM,6:12,,,Caldwell-Pope 21' Jump Shot (8 PTS) (Monroe 3 AST),60 - 79,19,5,203484,Kentavious Caldwell-Pope,1610612765.0,Detroit,Pistons,DET,5,202328,Greg Monroe,1610612765.0,Detroit,Pistons,DET,0,0,,,,,,1
0021400975,288,6,2,3,11:28 PM,5:57,,,Jackson S.FOUL (P2.T3),,,5,202704,Reggie Jackson,1610612765.0,Detroit,Pistons,DET,4,203081,Damian Lillard,1610612757.0,Portland,Trail Blazers,POR,1,0,,,,,,1
0021400975,289,3,11,3,11:28 PM,5:57,Lillard Free Throw 1 of 2 (19 PTS),,,60 - 80,20,4,203081,Damian Lillard,1610612757.0,Portland,Trail Blazers,POR,0,0,,,,,,0,0,,,,,,0
0021400975,291,3,12,3,11:28 PM,5:57,Lillard Free Throw 2 of 2 (20 PTS),,,60 - 81,21,4,203081,Damian Lillard,1610612757.0,Portland,Trail Blazers,POR,0,0,,,,,,0,0,,,,,,0
0021400975,293,1,1,3,11:29 PM,5:41,,,Jackson 26' 3PT Jump Shot (11 PTS),63 - 81,18,5,202704,Reggie Jackson,1610612765.0,Detroit,Pistons,DET,0,0,,,,,,0,0,,,,,,1
0021400975,294,5,4,3,11:29 PM,5:20,Aldridge Traveling Turnover (P2.T4),,,,,4,200746,LaMarcus Aldridge,1610612757.0,Portland,Trail Blazers,POR,0,0,,,,,,1,0,,,,,,1
0021400975,295,1,1,3,11:29 PM,5:11,,,Monroe 8' Jump Shot (19 PTS) (Jackson 8 AST),65 - 81,16,5,202328,Greg Monroe,1610612765.0,Detroit,Pistons,DET,5,202704,Reggie Jackson,1610612765.0,Detroit,Pistons,DET,0,0,,,,,,1
0021400975,296,1,7,3,11:30 PM,4:49,Lopez  Dunk (11 PTS) (Lillard 8 AST),,,65 - 83,18,4,201577,Robin Lopez,1610612757.0,Portland,Trail Blazers,POR,4,203081,Damian Lillard,1610612757.0,Portland,Trail Blazers,POR,0,0,,,,,,1
0021400975,297,2,1,3,11:30 PM,4:27,,,MISS Caldwell-Pope 15' Jump Shot,,,5,203484,Kentavious Caldwell-Pope,1610612765.0,Detroit,Pistons,DET,0,0,,,,,,0,0,,,,,,1
0021400975,298,4,0,3,11:30 PM,4:25,Afflalo REBOUND (Off:0 Def:4),,,,,4,201167,Arron Afflalo,1610612757.0,Portland,Trail Blazers,POR,0,0,,,,,,0,0,,,,,,1
0021400975,299,1,1,3,11:30 PM,4:16,Afflalo 25' 3PT Jump Shot (15 PTS) (Lillard 9 AST),,,65 - 86,21,4,201167,Arron Afflalo,1610612757.0,Portland,Trail Blazers,POR,4,203081,Damian Lillard,1610612757.0,Portland,Trail Blazers,POR,0,0,,,,,,1
0021400975,300,1,1,3,11:31 PM,4:02,,,Butler 27' 3PT Jump Shot (8 PTS) (Monroe 4 AST),68 - 86,18,5,2406,Caron Butler,1610612765.0,Detroit,Pistons,DET,5,202328,Greg Monroe,1610612765.0,Detroit,Pistons,DET,0,0,,,,,,1
0021400975,301,2,1,3,11:31 PM,3:45,MISS Aldridge 15' Jump Shot,,,,,4,200746,LaMarcus Aldridge,1610612757.0,Portland,Trail Blazers,POR,0,0,,,,,,0,0,,,,,,1
0021400975,302,4,0,3,11:31 PM,3:45,,,Pistons Rebound,,,3,1610612765,,,,,,0,0,,,,,,0,0,,,,,,0
0021400975,303,8,0,3,11:31 PM,3:45,SUB: Kaman FOR Lopez,,,,,4,201577,Robin Lopez,1610612757.0,Portland,Trail Blazers,POR,4,2549,Chris Kaman,1610612757.0,Portland,Trail Blazers,POR,0,0,,,,,,0
0021400975,304,8,0,3,11:31 PM,3:45,SUB: McCollum FOR Afflalo,,,,,4,201167,Arron Afflalo,1610612757.0,Portland,Trail Blazers,POR,4,203468,CJ McCollum,1610612757.0,Portland,Trail Blazers,POR,0,0,,,,,,0
0021400975,305,8,0,3,11:31 PM,3:45,,,SUB: Meeks FOR Monroe,,,5,202328,Greg Monroe,1610612765.0,Detroit,Pistons,DET,5,201975,Jodie Meeks,1610612765.0,Detroit,Pistons,DET,0,0,,,,,,0
0021400975,307,8,0,3,11:31 PM,3:45,,,SUB: Tolliver FOR Caldwell-Pope,,,5,203484,Kentavious Caldwell-Pope,1610612765.0,Detroit,Pistons,DET,5,201229,Anthony Tolliver,1610612765.0,Detroit,Pistons,DET,0,0,,,,,,0
0021400975,308,1,1,3,11:32 PM,3:35,,,Butler 25' 3PT Jump Shot (11 PTS) (Jackson 9 AST),71 - 86,15,5,2406,Caron Butler,1610612765.0,Detroit,Pistons,DET,5,202704,Reggie Jackson,1610612765.0,Detroit,Pistons,DET,0,0,,,,,,1
0021400975,309,2,1,3,11:32 PM,3:16,MISS Lillard 26' 3PT Jump Shot,,,,,4,203081,Damian Lillard,1610612757.0,Portland,Trail Blazers,POR,0,0,,,,,,0,0,,,,,,1
0021400975,310,4,0,3,11:32 PM,3:15,,,Drummond REBOUND (Off:5 Def:6),,,5,203083,Andre Drummond,1610612765.0,Detroit,Pistons,DET,0,0,,,,,,0,0,,,,,,1
0021400975,311,2,46,3,11:32 PM,2:53,,,MISS Jackson 15' Running Jump Shot,,,5,202704,Reggie Jackson,1610612765.0,Detroit,Pistons,DET,0,0,,,,,,0,0,,,,,,1
0021400975,312,4,0,3,11:32 PM,2:51,Aldridge REBOUND (Off:1 Def:5),,,,,4,200746,LaMarcus Aldridge,1610612757.0,Portland,Trail Blazers,POR,0,0,,,,,,0,0,,,,,,1
0021400975,313,2,1,3,11:33 PM,2:39,MISS McCollum 17' Jump Shot,,,,,4,203468,CJ McCollum,1610612757.0,Portland,Trail Blazers,POR,0,0,,,,,,0,0,,,,,,1
0021400975,315,4,0,3,11:33 PM,2:37,Aldridge REBOUND (Off:2 Def:5),,,,,4,200746,LaMarcus Aldridge,1610612757.0,Portland,Trail Blazers,POR,0,0,,,,,,0,0,,,,,,1
0021400975,314,2,4,3,11:33 PM,2:37,MISS Aldridge  Tip Shot,,,,,4,200746,LaMarcus Aldridge,1610612757.0,Portland,Trail Blazers,POR,0,0,,,,,,0,0,,,,,,1
0021400975,316,4,0,3,11:33 PM,2:36,,,Drummond REBOUND (Off:5 Def:7),,,5,203083,Andre Drummond,1610612765.0,Detroit,Pistons,DET,0,0,,,,,,0,0,,,,,,1
0021400975,317,1,1,3,11:33 PM,2:29,,,Meeks 7' Jump Shot (7 PTS) (Jackson 10 AST),73 - 86,13,5,201975,Jodie Meeks,1610612765.0,Detroit,Pistons,DET,5,202704,Reggie Jackson,1610612765.0,Detroit,Pistons,DET,0,0,,,,,,1
0021400975,318,6,2,3,11:33 PM,2:29,McCollum S.FOUL (P1.T2),,,,,4,203468,CJ McCollum,1610612757.0,Portland,Trail Blazers,POR,5,201975,Jodie Meeks,1610612765.0,Detroit,Pistons,DET,1,0,,,,,,1
0021400975,319,9,1,3,11:33 PM,2:29,TRAIL BLAZERS Timeout: Regular (Full 3 Short 0),,,,,2,1610612757,,,,,,0,0,,,,,,0,0,,,,,,0
0021400975,321,8,0,3,11:35 PM,2:29,,,SUB: Dinwiddie FOR Drummond,,,5,203083,Andre Drummond,1610612765.0,Detroit,Pistons,DET,5,203915,Spencer Dinwiddie,1610612765.0,Detroit,Pistons,DET,0,0,,,,,,0
0021400975,322,8,0,3,11:35 PM,2:29,,,SUB: Prince FOR Jackson,,,5,202704,Reggie Jackson,1610612765.0,Detroit,Pistons,DET,5,2419,Tayshaun Prince,1610612765.0,Detroit,Pistons,DET,0,0,,,,,,0
0021400975,323,8,0,3,11:35 PM,2:29,SUB: Wright FOR Batum,,,,,4,201587,Nicolas Batum,1610612757.0,Portland,Trail Blazers,POR,4,2748,Dorell Wright,1610612757.0,Portland,Trail Blazers,POR,0,0,,,,,,0
0021400975,324,8,0,3,11:35 PM,2:29,SUB: Blake FOR Lillard,,,,,4,203081,Damian Lillard,1610612757.0,Portland,Trail Blazers,POR,4,2581,Steve Blake,1610612757.0,Portland,Trail Blazers,POR,0,0,,,,,,0
0021400975,325,8,0,3,11:35 PM,2:29,,,SUB: Drummond FOR Butler,,,5,2406,Caron Butler,1610612765.0,Detroit,Pistons,DET,5,203083,Andre Drummond,1610612765.0,Detroit,Pistons,DET,0,0,,,,,,0
0021400975,326,3,10,3,11:35 PM,2:29,,,Meeks Free Throw 1 of 1 (8 PTS),74 - 86,12,5,201975,Jodie Meeks,1610612765.0,Detroit,Pistons,DET,0,0,,,,,,0,0,,,,,,0
0021400975,329,1,5,3,11:36 PM,2:08,Aldridge 3' Layup (22 PTS),,,74 - 88,14,4,200746,LaMarcus Aldridge,1610612757.0,Portland,Trail Blazers,POR,0,0,,,,,,0,0,,,,,,1
0021400975,330,5,13,3,11:36 PM,1:48,,,Dinwiddie Backcourt Turnover (P1.T5),,,5,203915,Spencer Dinwiddie,1610612765.0,Detroit,Pistons,DET,0,0,,,,,,1,0,,,,,,1
0021400975,332,1,1,3,11:37 PM,1:31,McCollum 25' 3PT Jump Shot (5 PTS) (Blake 4 AST),,,74 - 91,17,4,203468,CJ McCollum,1610612757.0,Portland,Trail Blazers,POR,4,2581,Steve Blake,1610612757.0,Portland,Trail Blazers,POR,0,0,,,,,,1
0021400975,333,1,5,3,11:37 PM,1:18,,,Meeks 2' Layup (10 PTS) (Prince 2 AST),76 - 91,15,5,201975,Jodie Meeks,1610612765.0,Detroit,Pistons,DET,5,2419,Tayshaun Prince,1610612765.0,Detroit,Pistons,DET,0,0,,,,,,1
0021400975,334,1,44,3,11:37 PM,0:57,Kaman 1' Reverse Layup (8 PTS) (Blake 5 AST),,,76 - 93,17,4,2549,Chris Kaman,1610612757.0,Portland,Trail Blazers,POR,4,2581,Steve Blake,1610612757.0,Portland,Trail Blazers,POR,0,0,,,,,,1
0021400975,335,2,1,3,11:38 PM,0:37,,,MISS Dinwiddie 26' 3PT Jump Shot,,,5,203915,Spencer Dinwiddie,1610612765.0,Detroit,Pistons,DET,0,0,,,,,,0,0,,,,,,1
0021400975,336,4,0,3,11:38 PM,0:36,Wright REBOUND (Off:0 Def:3),,,,,4,2748,Dorell Wright,1610612757.0,Portland,Trail Blazers,POR,0,0,,,,,,0,0,,,,,,1
0021400975,337,1,42,3,11:38 PM,0:26,Wright 2' Driving Layup (2 PTS),,,76 - 95,19,4,2748,Dorell Wright,1610612757.0,Portland,Trail Blazers,POR,0,0,,,,,,0,0,,,,,,1
0021400975,338,2,1,3,11:38 PM,0:05,,,MISS Tolliver 24' 3PT Jump Shot,,,5,201229,Anthony Tolliver,1610612765.0,Detroit,Pistons,DET,0,0,,,,,,0,0,,,,,,1
0021400975,340,4,0,3,11:38 PM,0:03,,,Drummond REBOUND (Off:6 Def:7),,,5,203083,Andre Drummond,1610612765.0,Detroit,Pistons,DET,0,0,,,,,,0,0,,,,,,1
0021400975,339,2,4,3,11:38 PM,0:03,,,MISS Drummond 1' Tip Shot,,,5,203083,Andre Drummond,1610612765.0,Detroit,Pistons,DET,0,0,,,,,,0,0,,,,,,1
0021400975,342,4,0,3,11:38 PM,0:03,,,Drummond REBOUND (Off:7 Def:7),,,5,203083,Andre Drummond,1610612765.0,Detroit,Pistons,DET,0,0,,,,,,0,0,,,,,,1
0021400975,341,1,5,3,11:38 PM,0:03,,,Drummond 2' Layup (14 PTS),78 - 95,17,5,203083,Andre Drummond,1610612765.0,Detroit,Pistons,DET,0,0,,,,,,0,0,,,,,,1
0021400975,343,2,46,3,11:38 PM,0:00,MISS McCollum 16' Running Jump Shot,,Prince BLOCK (1 BLK),,,4,203468,CJ McCollum,1610612757.0,Portland,Trail Blazers,POR,0,0,,,,,,5,2419,Tayshaun Prince,1610612765.0,Detroit,Pistons,DET,1
0021400975,344,4,0,3,11:39 PM,0:00,TRAIL BLAZERS Rebound,,,,,2,1610612757,,,,,,0,0,,,,,,0,0,,,,,,0
0021400975,345,13,0,3,11:39 PM,0:00,,End of 3rd Period (11:39 PM EST),,78 - 95,17,0,0,,,,,,0,0,,,,,,0,0,,,,,,0
0021400975,347,12,0,4,11:41 PM,12:00,,Start of 4th Period (11:41 PM EST),,78 - 95,17,0,0,,,,,,0,0,,,,,,0,0,,,,,,0
0021400975,348,1,52,4,11:41 PM,11:45,,,Drummond  Alley Oop Dunk (16 PTS) (Prince 3 AST),80 - 95,15,5,203083,Andre Drummond,1610612765.0,Detroit,Pistons,DET,5,2419,Tayshaun Prince,1610612765.0,Detroit,Pistons,DET,0,0,,,,,,1
0021400975,349,5,8,4,11:42 PM,11:27,Kaman 3 Second Violation Turnover (P1.T5),,,,,4,2549,Chris Kaman,1610612757.0,Portland,Trail Blazers,POR,0,0,,,,,,1,0,,,,,,1
0021400975,351,2,1,4,11:42 PM,11:07,,,MISS Tolliver 24' 3PT Jump Shot,,,5,201229,Anthony Tolliver,1610612765.0,Detroit,Pistons,DET,0,0,,,,,,0,0,,,,,,1
0021400975,352,4,0,4,11:42 PM,11:06,Wright REBOUND (Off:0 Def:4),,,,,4,2748,Dorell Wright,1610612757.0,Portland,Trail Blazers,POR,0,0,,,,,,0,0,,,,,,1
0021400975,353,1,1,4,11:42 PM,10:57,Kaman 14' Jump Shot (10 PTS) (McCollum 3 AST),,,80 - 97,17,4,2549,Chris Kaman,1610612757.0,Portland,Trail Blazers,POR,4,203468,CJ McCollum,1610612757.0,Portland,Trail Blazers,POR,0,0,,,,,,1
0021400975,354,1,46,4,11:43 PM,10:31,,,Prince 7' Running Jump Shot (2 PTS),82 - 97,15,5,2419,Tayshaun Prince,1610612765.0,Detroit,Pistons,DET,0,0,,,,,,0,0,,,,,,1
0021400975,355,1,1,4,11:43 PM,10:06,Kaman 16' Jump Shot (12 PTS) (Blake 6 AST),,,82 - 99,17,4,2549,Chris Kaman,1610612757.0,Portland,Trail Blazers,POR,4,2581,Steve Blake,1610612757.0,Portland,Trail Blazers,POR,0,0,,,,,,1
0021400975,356,1,1,4,11:44 PM,9:45,,,Dinwiddie 14' Jump Shot (5 PTS) (Meeks 1 AST),84 - 99,15,5,203915,Spencer Dinwiddie,1610612765.0,Detroit,Pistons,DET,5,201975,Jodie Meeks,1610612765.0,Detroit,Pistons,DET,0,0,,,,,,1
0021400975,357,1,1,4,11:44 PM,9:30,Kaman 18' Jump Shot (14 PTS) (Blake 7 AST),,,84 - 101,17,4,2549,Chris Kaman,1610612757.0,Portland,Trail Blazers,POR,4,2581,Steve Blake,1610612757.0,Portland,Trail Blazers,POR,0,0,,,,,,1
0021400975,358,2,1,4,11:44 PM,9:06,,,MISS Prince 21' Jump Shot,,,5,2419,Tayshaun Prince,1610612765.0,Detroit,Pistons,DET,0,0,,,,,,0,0,,,,,,1
0021400975,359,4,0,4,11:44 PM,9:05,Kaman REBOUND (Off:2 Def:4),,,,,4,2549,Chris Kaman,1610612757.0,Portland,Trail Blazers,POR,0,0,,,,,,0,0,,,,,,1
0021400975,360,2,5,4,11:45 PM,8:54,MISS Kaman 1' Layup,,,,,4,2549,Chris Kaman,1610612757.0,Portland,Trail Blazers,POR,0,0,,,,,,0,0,,,,,,1
0021400975,361,4,0,4,11:45 PM,8:53,,,Drummond REBOUND (Off:7 Def:8),,,5,203083,Andre Drummond,1610612765.0,Detroit,Pistons,DET,0,0,,,,,,0,0,,,,,,1
0021400975,362,1,1,4,11:45 PM,8:45,,,Prince  3PT Jump Shot (5 PTS) (Dinwiddie 2 AST),87 - 101,14,5,2419,Tayshaun Prince,1610612765.0,Detroit,Pistons,DET,5,203915,Spencer Dinwiddie,1610612765.0,Detroit,Pistons,DET,0,0,,,,,,1
0021400975,363,6,3,4,11:45 PM,8:45,,,Drummond L.B.FOUL (P4.T1),,,5,203083,Andre Drummond,1610612765.0,Detroit,Pistons,DET,4,203468,CJ McCollum,1610612757.0,Portland,Trail Blazers,POR,1,0,,,,,,1
0021400975,364,9,4,4,11:45 PM,8:45,,Timeout: Official,,,,1,0,,,,,,0,0,,,,,,0,0,,,,,,0
0021400975,366,8,0,4,11:47 PM,8:45,,,SUB: Monroe FOR Drummond,,,5,203083,Andre Drummond,1610612765.0,Detroit,Pistons,DET,5,202328,Greg Monroe,1610612765.0,Detroit,Pistons,DET,0,0,,,,,,0
0021400975,369,6,1,4,11:48 PM,8:36,,,Dinwiddie P.FOUL (P1.T2),,,5,203915,Spencer Dinwiddie,1610612765.0,Detroit,Pistons,DET,4,2748,Dorell Wright,1610612757.0,Portland,Trail Blazers,POR,1,0,,,,,,1
0021400975,370,8,0,4,11:48 PM,8:36,SUB: Lopez FOR Kaman,,,,,4,2549,Chris Kaman,1610612757.0,Portland,Trail Blazers,POR,4,201577,Robin Lopez,1610612757.0,Portland,Trail Blazers,POR,0,0,,,,,,0
0021400975,371,2,1,4,11:48 PM,8:29,MISS McCollum 28' 3PT Jump Shot,,,,,4,203468,CJ McCollum,1610612757.0,Portland,Trail Blazers,POR,0,0,,,,,,0,0,,,,,,1
0021400975,372,4,0,4,11:48 PM,8:28,Lopez REBOUND (Off:2 Def:0),,,,,4,201577,Robin Lopez,1610612757.0,Portland,Trail Blazers,POR,0,0,,,,,,0,0,,,,,,1
0021400975,373,2,1,4,11:49 PM,8:16,MISS Leonard 26' 3PT Jump Shot,,,,,4,203086,Meyers Leonard,1610612757.0,Portland,Trail Blazers,POR,0,0,,,,,,0,0,,,,,,1
0021400975,374,4,0,4,11:49 PM,8:15,,,Meeks REBOUND (Off:0 Def:1),,,5,201975,Jodie Meeks,1610612765.0,Detroit,Pistons,DET,0,0,,,,,,0,0,,,,,,1
0021400975,375,2,44,4,11:49 PM,7:54,,,MISS Monroe 2' Reverse Layup,,,5,202328,Greg Monroe,1610612765.0,Detroit,Pistons,DET,0,0,,,,,,0,0,,,,,,1
0021400975,376,4,0,4,11:49 PM,7:53,Leonard REBOUND (Off:0 Def:4),,,,,4,203086,Meyers Leonard,1610612757.0,Portland,Trail Blazers,POR,0,0,,,,,,0,0,,,,,,1
0021400975,377,6,4,4,11:49 PM,7:46,McCollum OFF.Foul (P2),,,,,4,203468,CJ McCollum,1610612757.0,Portland,Trail Blazers,POR,5,203915,Spencer Dinwiddie,1610612765.0,Detroit,Pistons,DET,1,0,,,,,,1
0021400975,378,5,5,4,11:49 PM,7:46,McCollum Foul Turnover (P1.T6),,,,,4,203468,CJ McCollum,1610612757.0,Portland,Trail Blazers,POR,0,0,,,,,,1,0,,,,,,1
0021400975,379,8,0,4,11:49 PM,7:46,SUB: Lillard FOR Wright,,,,,4,2748,Dorell Wright,1610612757.0,Portland,Trail Blazers,POR,4,203081,Damian Lillard,1610612757.0,Portland,Trail Blazers,POR,0,0,,,,,,0
0021400975,380,8,0,4,11:49 PM,7:46,SUB: Batum FOR Blake,,,,,4,2581,Steve Blake,1610612757.0,Portland,Trail Blazers,POR,4,201587,Nicolas Batum,1610612757.0,Portland,Trail Blazers,POR,0,0,,,,,,0
0021400975,381,6,2,4,11:50 PM,7:34,McCollum S.FOUL (P3.T1),,,,,4,203468,CJ McCollum,1610612757.0,Portland,Trail Blazers,POR,5,201975,Jodie Meeks,1610612765.0,Detroit,Pistons,DET,1,0,,,,,,1
0021400975,382,3,11,4,11:50 PM,7:34,,,Meeks Free Throw 1 of 2 (11 PTS),88 - 101,13,5,201975,Jodie Meeks,1610612765.0,Detroit,Pistons,DET,0,0,,,,,,0,0,,,,,,0
0021400975,384,3,12,4,11:50 PM,7:34,,,Meeks Free Throw 2 of 2 (12 PTS),89 - 101,12,5,201975,Jodie Meeks,1610612765.0,Detroit,Pistons,DET,0,0,,,,,,0,0,,,,,,0
0021400975,386,1,7,4,11:51 PM,7:19,Leonard  Dunk (10 PTS) (Lopez 1 AST),,,89 - 103,14,4,203086,Meyers Leonard,1610612757.0,Portland,Trail Blazers,POR,4,201577,Robin Lopez,1610612757.0,Portland,Trail Blazers,POR,0,0,,,,,,1
0021400975,387,2,5,4,11:51 PM,6:59,Lopez BLOCK (2 BLK),,MISS Monroe 2' Layup,,,5,202328,Greg Monroe,1610612765.0,Detroit,Pistons,DET,0,0,,,,,,4,201577,Robin Lopez,1610612757.0,Portland,Trail Blazers,POR,1
0021400975,388,4,0,4,11:51 PM,6:57,Lopez REBOUND (Off:2 Def:1),,,,,4,201577,Robin Lopez,1610612757.0,Portland,Trail Blazers,POR,0,0,,,,,,0,0,,,,,,1
0021400975,389,2,1,4,11:51 PM,6:46,MISS Batum 24' 3PT Jump Shot,,,,,4,201587,Nicolas Batum,1610612757.0,Portland,Trail Blazers,POR,0,0,,,,,,0,0,,,,,,1
0021400975,390,4,0,4,11:51 PM,6:45,Lopez REBOUND (Off:3 Def:1),,,,,4,201577,Robin Lopez,1610612757.0,Portland,Trail Blazers,POR,0,0,,,,,,0,0,,,,,,1
0021400975,391,5,2,4,11:51 PM,6:41,Lopez Lost Ball Turnover (P1.T7),,Monroe STEAL (3 STL),,,4,201577,Robin Lopez,1610612757.0,Portland,Trail Blazers,POR,5,202328,Greg Monroe,1610612765.0,Detroit,Pistons,DET,0,0,,,,,,1
0021400975,392,2,1,4,11:52 PM,6:33,,,MISS Meeks 25' 3PT Jump Shot,,,5,201975,Jodie Meeks,1610612765.0,Detroit,Pistons,DET,0,0,,,,,,0,0,,,,,,1
0021400975,393,4,0,4,11:52 PM,6:32,Batum REBOUND (Off:0 Def:7),,,,,4,201587,Nicolas Batum,1610612757.0,Portland,Trail Blazers,POR,0,0,,,,,,0,0,,,,,,1
0021400975,394,1,1,4,11:52 PM,6:20,Lillard  3PT Jump Shot (23 PTS),,,89 - 106,17,4,203081,Damian Lillard,1610612757.0,Portland,Trail Blazers,POR,0,0,,,,,,0,0,,,,,,1
0021400975,395,2,1,4,11:52 PM,6:01,,,MISS Meeks 19' Jump Shot,,,5,201975,Jodie Meeks,1610612765.0,Detroit,Pistons,DET,0,0,,,,,,0,0,,,,,,1
0021400975,396,4,0,4,11:52 PM,6:00,Leonard REBOUND (Off:0 Def:5),,,,,4,203086,Meyers Leonard,1610612757.0,Portland,Trail Blazers,POR,0,0,,,,,,0,0,,,,,,1
0021400975,397,1,1,4,11:52 PM,5:49,Lillard 27' 3PT Jump Shot (26 PTS),,,89 - 109,20,4,203081,Damian Lillard,1610612757.0,Portland,Trail Blazers,POR,0,0,,,,,,0,0,,,,,,1
0021400975,398,9,1,4,11:52 PM,5:47,,,Pistons Timeout: Regular (Reg.4 Short 0),,,3,1610612765,,,,,,0,0,,,,,,0,0,,,,,,0
0021400975,400,8,0,4,11:54 PM,5:47,,,SUB: Drummond FOR Monroe,,,5,202328,Greg Monroe,1610612765.0,Detroit,Pistons,DET,5,203083,Andre Drummond,1610612765.0,Detroit,Pistons,DET,0,0,,,,,,0
0021400975,401,8,0,4,11:54 PM,5:47,,,SUB: Jackson FOR Dinwiddie,,,5,203915,Spencer Dinwiddie,1610612765.0,Detroit,Pistons,DET,5,202704,Reggie Jackson,1610612765.0,Detroit,Pistons,DET,0,0,,,,,,0
0021400975,402,8,0,4,11:54 PM,5:47,SUB: Afflalo FOR McCollum,,,,,4,203468,CJ McCollum,1610612757.0,Portland,Trail Blazers,POR,4,201167,Arron Afflalo,1610612757.0,Portland,Trail Blazers,POR,0,0,,,,,,0
0021400975,403,2,46,4,11:55 PM,5:37,,,MISS Jackson 10' Running Jump Shot,,,5,202704,Reggie Jackson,1610612765.0,Detroit,Pistons,DET,0,0,,,,,,0,0,,,,,,1
0021400975,404,4,0,4,11:55 PM,5:35,,,Drummond REBOUND (Off:8 Def:8),,,5,203083,Andre Drummond,1610612765.0,Detroit,Pistons,DET,0,0,,,,,,0,0,,,,,,1
0021400975,405,2,1,4,11:55 PM,5:23,,,MISS Tolliver 19' Jump Shot,,,5,201229,Anthony Tolliver,1610612765.0,Detroit,Pistons,DET,0,0,,,,,,0,0,,,,,,1
0021400975,406,4,0,4,11:55 PM,5:22,Batum REBOUND (Off:0 Def:8),,,,,4,201587,Nicolas Batum,1610612757.0,Portland,Trail Blazers,POR,0,0,,,,,,0,0,,,,,,1
0021400975,407,1,1,4,11:55 PM,5:06,Lillard 22' Jump Shot (28 PTS),,,89 - 111,22,4,203081,Damian Lillard,1610612757.0,Portland,Trail Blazers,POR,0,0,,,,,,0,0,,,,,,1
0021400975,408,2,1,4,11:56 PM,4:46,,,MISS Tolliver 27' 3PT Jump Shot,,,5,201229,Anthony Tolliver,1610612765.0,Detroit,Pistons,DET,0,0,,,,,,0,0,,,,,,1
0021400975,409,4,0,4,11:56 PM,4:45,Lillard REBOUND (Off:0 Def:2),,,,,4,203081,Damian Lillard,1610612757.0,Portland,Trail Blazers,POR,0,0,,,,,,0,0,,,,,,1
0021400975,410,5,1,4,11:56 PM,4:42,Lillard Bad Pass Turnover (P1.T8),,Tolliver STEAL (1 STL),,,4,203081,Damian Lillard,1610612757.0,Portland,Trail Blazers,POR,5,201229,Anthony Tolliver,1610612765.0,Detroit,Pistons,DET,0,0,,,,,,1
0021400975,411,6,2,4,11:56 PM,4:35,Leonard S.FOUL (P2.T2),,,,,4,203086,Meyers Leonard,1610612757.0,Portland,Trail Blazers,POR,5,201975,Jodie Meeks,1610612765.0,Detroit,Pistons,DET,1,0,,,,,,1
0021400975,412,3,11,4,11:56 PM,4:35,,,Meeks Free Throw 1 of 2 (13 PTS),90 - 111,21,5,201975,Jodie Meeks,1610612765.0,Detroit,Pistons,DET,0,0,,,,,,0,0,,,,,,0
0021400975,414,8,0,4,11:57 PM,4:35,,,SUB: Williams FOR Prince,,,5,2419,Tayshaun Prince,1610612765.0,Detroit,Pistons,DET,5,200761,Shawne Williams,1610612765.0,Detroit,Pistons,DET,0,0,,,,,,0
0021400975,415,8,0,4,11:57 PM,4:35,,,SUB: Martin FOR Tolliver,,,5,201229,Anthony Tolliver,1610612765.0,Detroit,Pistons,DET,5,201858,Cartier Martin,1610612765.0,Detroit,Pistons,DET,0,0,,,,,,0
0021400975,416,3,12,4,11:57 PM,4:35,,,Meeks Free Throw 2 of 2 (14 PTS),91 - 111,20,5,201975,Jodie Meeks,1610612765.0,Detroit,Pistons,DET,0,0,,,,,,0,0,,,,,,0
0021400975,418,6,4,4,11:57 PM,4:27,Leonard OFF.Foul (P3),,,,,4,203086,Meyers Leonard,1610612757.0,Portland,Trail Blazers,POR,5,203083,Andre Drummond,1610612765.0,Detroit,Pistons,DET,1,0,,,,,,1
0021400975,419,5,5,4,11:57 PM,4:27,Leonard Foul Turnover (P1.T9),,,,,4,203086,Meyers Leonard,1610612757.0,Portland,Trail Blazers,POR,0,0,,,,,,1,0,,,,,,1
0021400975,420,8,0,4,11:57 PM,4:27,,,SUB: Caldwell-Pope FOR Meeks,,,5,201975,Jodie Meeks,1610612765.0,Detroit,Pistons,DET,5,203484,Kentavious Caldwell-Pope,1610612765.0,Detroit,Pistons,DET,0,0,,,,,,0
0021400975,421,2,1,4,11:57 PM,4:15,,,MISS Williams 24' 3PT Jump Shot,,,5,200761,Shawne Williams,1610612765.0,Detroit,Pistons,DET,0,0,,,,,,0,0,,,,,,1
0021400975,422,4,0,4,11:58 PM,4:14,,,Drummond REBOUND (Off:9 Def:8),,,5,203083,Andre Drummond,1610612765.0,Detroit,Pistons,DET,0,0,,,,,,0,0,,,,,,1
0021400975,423,6,1,4,11:58 PM,4:13,Lopez P.FOUL (P1.T3),,,,,4,201577,Robin Lopez,1610612757.0,Portland,Trail Blazers,POR,5,203083,Andre Drummond,1610612765.0,Detroit,Pistons,DET,1,0,,,,,,1
0021400975,424,8,0,4,11:58 PM,4:13,,,SUB: Lucas FOR Jackson,,,5,202704,Reggie Jackson,1610612765.0,Detroit,Pistons,DET,5,101249,John Lucas III,1610612765.0,Detroit,Pistons,DET,0,0,,,,,,0
0021400975,425,8,0,4,11:58 PM,4:13,,,SUB: Anthony FOR Drummond,,,5,203083,Andre Drummond,1610612765.0,Detroit,Pistons,DET,5,201202,Joel Anthony,1610612765.0,Detroit,Pistons,DET,0,0,,,,,,0
0021400975,426,8,0,4,11:58 PM,4:13,SUB: Crabbe FOR Batum,,,,,4,201587,Nicolas Batum,1610612757.0,Portland,Trail Blazers,POR,4,203459,Allen Crabbe,1610612757.0,Portland,Trail Blazers,POR,0,0,,,,,,0
0021400975,427,8,0,4,11:58 PM,4:13,SUB: Freeland FOR Lopez,,,,,4,201577,Robin Lopez,1610612757.0,Portland,Trail Blazers,POR,4,200777,Joel Freeland,1610612757.0,Portland,Trail Blazers,POR,0,0,,,,,,0
0021400975,428,8,0,4,11:58 PM,4:13,SUB: McCollum FOR Lillard,,,,,4,203081,Damian Lillard,1610612757.0,Portland,Trail Blazers,POR,4,203468,CJ McCollum,1610612757.0,Portland,Trail Blazers,POR,0,0,,,,,,0
0021400975,429,1,1,4,11:59 PM,4:02,,,Martin 19' Jump Shot (2 PTS),93 - 111,18,5,201858,Cartier Martin,1610612765.0,Detroit,Pistons,DET,0,0,,,,,,0,0,,,,,,1
0021400975,430,1,8,4,11:59 PM,3:46,Leonard  Slam Dunk (12 PTS) (McCollum 4 AST),,,93 - 113,20,4,203086,Meyers Leonard,1610612757.0,Portland,Trail Blazers,POR,4,203468,CJ McCollum,1610612757.0,Portland,Trail Blazers,POR,0,0,,,,,,1
0021400975,431,1,5,4,11:59 PM,3:27,,,Martin 2' Layup (4 PTS) (Lucas 1 AST),95 - 113,18,5,201858,Cartier Martin,1610612765.0,Detroit,Pistons,DET,5,101249,John Lucas III,1610612765.0,Detroit,Pistons,DET,0,0,,,,,,1
0021400975,432,1,1,4,11:59 PM,3:11,Leonard 27' 3PT Jump Shot (15 PTS) (Crabbe 1 AST),,,95 - 116,21,4,203086,Meyers Leonard,1610612757.0,Portland,Trail Blazers,POR,4,203459,Allen Crabbe,1610612757.0,Portland,Trail Blazers,POR,0,0,,,,,,1
0021400975,433,2,1,4,12:00 AM,2:48,,,MISS Caldwell-Pope 16' Jump Shot,,,5,203484,Kentavious Caldwell-Pope,1610612765.0,Detroit,Pistons,DET,0,0,,,,,,0,0,,,,,,1
0021400975,434,4,0,4,12:00 AM,2:47,Leonard REBOUND (Off:0 Def:6),,,,,4,203086,Meyers Leonard,1610612757.0,Portland,Trail Blazers,POR,0,0,,,,,,0,0,,,,,,1
0021400975,435,9,1,4,12:00 AM,2:47,TRAIL BLAZERS Timeout: Regular (Full 4 Short 0),,,,,2,1610612757,,,,,,0,0,,,,,,0,0,,,,,,0
0021400975,437,18,0,4,12:00 AM,2:47,,Support Ruling,,,,0,407,,,,,,0,0,,,,,,1,0,,,,,,0
0021400975,440,8,0,4,12:02 AM,2:47,SUB: Wright FOR Afflalo,,,,,4,201167,Arron Afflalo,1610612757.0,Portland,Trail Blazers,POR,4,2748,Dorell Wright,1610612757.0,Portland,Trail Blazers,POR,0,0,,,,,,0
0021400975,441,2,1,4,12:02 AM,2:25,MISS Crabbe 29' 3PT Jump Shot,,,,,4,203459,Allen Crabbe,1610612757.0,Portland,Trail Blazers,POR,0,0,,,,,,0,0,,,,,,1
0021400975,442,4,0,4,12:02 AM,2:24,,,Martin REBOUND (Off:0 Def:1),,,5,201858,Cartier Martin,1610612765.0,Detroit,Pistons,DET,0,0,,,,,,0,0,,,,,,1
0021400975,443,5,1,4,12:03 AM,2:14,Wright STEAL (1 STL),,Williams Bad Pass Turnover (P1.T6),,,5,200761,Shawne Williams,1610612765.0,Detroit,Pistons,DET,4,2748,Dorell Wright,1610612757.0,Portland,Trail Blazers,POR,0,0,,,,,,1
0021400975,444,1,42,4,12:03 AM,2:10,Wright 1' Driving Layup (4 PTS),,,95 - 118,23,4,2748,Dorell Wright,1610612757.0,Portland,Trail Blazers,POR,0,0,,,,,,0,0,,,,,,1
0021400975,445,2,1,4,12:03 AM,1:54,,,MISS Martin 25' 3PT Jump Shot,,,5,201858,Cartier Martin,1610612765.0,Detroit,Pistons,DET,0,0,,,,,,0,0,,,,,,1
0021400975,446,4,0,4,12:03 AM,1:53,Leonard REBOUND (Off:0 Def:7),,,,,4,203086,Meyers Leonard,1610612757.0,Portland,Trail Blazers,POR,0,0,,,,,,0,0,,,,,,1
0021400975,447,2,1,4,12:03 AM,1:36,MISS Freeland 16' Jump Shot,,,,,4,200777,Joel Freeland,1610612757.0,Portland,Trail Blazers,POR,0,0,,,,,,0,0,,,,,,1
0021400975,448,4,0,4,12:03 AM,1:34,,,Lucas REBOUND (Off:0 Def:1),,,5,101249,John Lucas III,1610612765.0,Detroit,Pistons,DET,0,0,,,,,,0,0,,,,,,1
0021400975,449,2,1,4,12:04 AM,1:20,,,MISS Martin 25' 3PT Jump Shot,,,5,201858,Cartier Martin,1610612765.0,Detroit,Pistons,DET,0,0,,,,,,0,0,,,,,,1
0021400975,450,4,0,4,12:04 AM,1:18,Crabbe REBOUND (Off:0 Def:1),,,,,4,203459,Allen Crabbe,1610612757.0,Portland,Trail Blazers,POR,0,0,,,,,,0,0,,,,,,1
0021400975,451,5,1,4,12:04 AM,1:09,McCollum Bad Pass Turnover (P2.T10),,Williams STEAL (1 STL),,,4,203468,CJ McCollum,1610612757.0,Portland,Trail Blazers,POR,5,200761,Shawne Williams,1610612765.0,Detroit,Pistons,DET,0,0,,,,,,1
0021400975,452,1,5,4,12:04 AM,1:05,,,Caldwell-Pope 3' Layup (10 PTS) (Williams 1 AST),97 - 118,21,5,203484,Kentavious Caldwell-Pope,1610612765.0,Detroit,Pistons,DET,5,200761,Shawne Williams,1610612765.0,Detroit,Pistons,DET,0,0,,,,,,1
0021400975,453,18,0,4,12:05 AM,1:05,,Instant Replay4th Period (12:05 AM EST),,97 - 118,21,0,0,,,,,,0,0,,,,,,1,0,,,,,,0
0021400975,470,6,16,4,12:06 AM,1:05,,"Double Technical - Freeland, Williams",,,,4,200777,Joel Freeland,1610612757.0,Portland,Trail Blazers,POR,5,200761,Shawne Williams,1610612765.0,Detroit,Pistons,DET,1,0,,,,,,0
0021400975,455,11,4,4,12:08 AM,1:05,Freeland Ejection:Other,,,,,4,200777,Joel Freeland,1610612757.0,Portland,Trail Blazers,POR,0,0,,,,,,1,0,,,,,,0
0021400975,456,8,0,4,12:08 AM,1:05,SUB: Blake FOR Freeland,,,,,4,200777,Joel Freeland,1610612757.0,Portland,Trail Blazers,POR,4,2581,Steve Blake,1610612757.0,Portland,Trail Blazers,POR,0,0,,,,,,0
0021400975,457,11,4,4,12:08 AM,1:05,,,Williams Ejection:Other,,,5,200761,Shawne Williams,1610612765.0,Detroit,Pistons,DET,0,0,,,,,,1,0,,,,,,0
0021400975,458,8,0,4,12:08 AM,1:05,,,SUB: Tolliver FOR Williams,,,5,200761,Shawne Williams,1610612765.0,Detroit,Pistons,DET,5,201229,Anthony Tolliver,1610612765.0,Detroit,Pistons,DET,0,0,,,,,,0
0021400975,459,2,5,4,12:08 AM,0:50,MISS McCollum 3' Layup,,Anthony BLOCK (1 BLK),,,4,203468,CJ McCollum,1610612757.0,Portland,Trail Blazers,POR,0,0,,,,,,5,201202,Joel Anthony,1610612765.0,Detroit,Pistons,DET,1
0021400975,460,4,0,4,12:08 AM,0:49,,,Caldwell-Pope REBOUND (Off:0 Def:2),,,5,203484,Kentavious Caldwell-Pope,1610612765.0,Detroit,Pistons,DET,0,0,,,,,,0,0,,,,,,1
0021400975,461,1,1,4,12:08 AM,0:45,,,Caldwell-Pope 22' Jump Shot (12 PTS),99 - 118,19,5,203484,Kentavious Caldwell-Pope,1610612765.0,Detroit,Pistons,DET,0,0,,,,,,0,0,,,,,,1
0021400975,463,2,1,4,12:09 AM,0:29,MISS McCollum 19' Jump Shot,,,,,4,203468,CJ McCollum,1610612757.0,Portland,Trail Blazers,POR,0,0,,,,,,0,0,,,,,,1
0021400975,464,4,0,4,12:09 AM,0:28,,,Martin REBOUND (Off:0 Def:2),,,5,201858,Cartier Martin,1610612765.0,Detroit,Pistons,DET,0,0,,,,,,0,0,,,,,,1
0021400975,465,2,1,4,12:09 AM,0:11,,,MISS Caldwell-Pope 26' 3PT Jump Shot,,,5,203484,Kentavious Caldwell-Pope,1610612765.0,Detroit,Pistons,DET,0,0,,,,,,0,0,,,,,,1
0021400975,466,4,0,4,12:09 AM,0:10,TRAIL BLAZERS Rebound,,,,,2,1610612757,,,,,,0,0,,,,,,0,0,,,,,,0
0021400975,468,13,0,4,12:09 AM,0:00,,End of 4th Period (12:09 AM EST),,99 - 118,19,0,0,,,,,,0,0,,,,,,0,0,,,,,,0
