GAME_ID,EVENTNUM,EVENTMSGTYPE,EVENTMSGACTIONTYPE,PERIOD,WCTIMESTRING,PCTIMESTRING,HOMEDESCRIPTION,NEUTRALDESCRIPTION,VISITORDESCRIPTION,SCORE,SCOREMARGIN,PERSON1TYPE,PLAYER1_ID,PLAYER1_NAME,PLAYER1_TEAM_ID,PLAYER1_TEAM_CITY,PLAYER1_TEAM_NICKNAME,PLAYER1_TEAM_ABBREVIATION,PERSON2TYPE,PLAYER2_ID,PLAYER2_NAME,PLAYER2_TEAM_ID,PLAYER2_TEAM_CITY,PLAYER2_TEAM_NICKNAME,PLAYER2_TEAM_ABBREVIATION,PERSON3TYPE,PLAYER3_ID,PLAYER3_NAME,PLAYER3_TEAM_ID,PLAYER3_TEAM_CITY,PLAYER3_TEAM_NICKNAME,PLAYER3_TEAM_ABBREVIATION,VIDEO_AVAILABLE_FLAG
0021200079,0,12,0,1,10:43 PM,12:00,,Start of 1st Period (10:43 PM EST),,,,0,0,,,,,,0,0,,,,,,0,0,,,,,,0
0021200079,1,10,0,1,10:44 PM,12:00,Jump Ball Koufos vs. Jefferson: Tip to Gallinari,,,,,4,201585,Kosta Koufos,1610612743.0,Denver,Nuggets,DEN,5,2744,Al Jefferson,1610612762.0,Utah,Jazz,UTA,4,201568,Danilo Gallinari,1610612743.0,Denver,Nuggets,DEN,0
0021200079,2,2,5,1,10:44 PM,11:43,MISS Faried 1' Layup,,,,,4,202702,Kenneth Faried,1610612743.0,Denver,Nuggets,DEN,0,0,,,,,,0,0,,,,,,0
0021200079,3,4,0,1,10:44 PM,11:43,Faried REBOUND (Off:1 Def:0),,,,,4,202702,Kenneth Faried,1610612743.0,Denver,Nuggets,DEN,0,0,,,,,,0,0,,,,,,0
0021200079,4,2,5,1,10:44 PM,11:40,MISS Faried 1' Layup,,,,,4,202702,Kenneth Faried,1610612743.0,Denver,Nuggets,DEN,0,0,,,,,,0,0,,,,,,0
0021200079,5,4,0,1,10:44 PM,11:39,,,Millsap REBOUND (Off:0 Def:1),,,5,200794,Paul Millsap,1610612762.0,Utah,Jazz,UTA,0,0,,,,,,0,0,,,,,,0
0021200079,6,1,63,1,10:44 PM,11:27,,,Millsap 12' Fadeaway Jumper (2 PTS) (Williams 1 AST),2 - 0,-2,5,200794,Paul Millsap,1610612762.0,Utah,Jazz,UTA,5,2590,Mo Williams,1610612762.0,Utah,Jazz,UTA,0,0,,,,,,0
0021200079,7,1,63,1,10:44 PM,11:07,Iguodala 16' Fadeaway Jumper (2 PTS) (Gallinari 1 AST),,,2 - 2,TIE,4,2738,Andre Iguodala,1610612743.0,Denver,Nuggets,DEN,4,201568,Danilo Gallinari,1610612743.0,Denver,Nuggets,DEN,0,0,,,,,,0
0021200079,8,2,5,1,10:45 PM,10:44,Koufos BLOCK (1 BLK),,MISS Jefferson 1' Layup,,,5,2744,Al Jefferson,1610612762.0,Utah,Jazz,UTA,0,0,,,,,,4,201585,Kosta Koufos,1610612743.0,Denver,Nuggets,DEN,0
0021200079,9,4,0,1,10:45 PM,10:43,Iguodala REBOUND (Off:0 Def:1),,,,,4,2738,Andre Iguodala,1610612743.0,Denver,Nuggets,DEN,0,0,,,,,,0,0,,,,,,0
0021200079,10,5,1,1,10:45 PM,10:41,Iguodala Bad Pass Turnover (P1.T1),,Williams STEAL (1 STL),,,4,2738,Andre Iguodala,1610612743.0,Denver,Nuggets,DEN,5,101107,Marvin Williams,1610612762.0,Utah,Jazz,UTA,0,0,,,,,,0
0021200079,11,1,7,1,10:45 PM,10:36,,,Williams 1' Dunk (2 PTS),4 - 2,-2,5,101107,Marvin Williams,1610612762.0,Utah,Jazz,UTA,0,0,,,,,,0,0,,,,,,0
0021200079,12,1,1,1,10:45 PM,10:22,Gallinari 22' Jump Shot (2 PTS) (Koufos 1 AST),,,4 - 4,TIE,4,201568,Danilo Gallinari,1610612743.0,Denver,Nuggets,DEN,4,201585,Kosta Koufos,1610612743.0,Denver,Nuggets,DEN,0,0,,,,,,0
0021200079,14,1,1,1,10:46 PM,10:03,,,Jefferson 19' Jump Shot (2 PTS) (Williams 2 AST),6 - 4,-2,5,2744,Al Jefferson,1610612762.0,Utah,Jazz,UTA,5,2590,Mo Williams,1610612762.0,Utah,Jazz,UTA,0,0,,,,,,0
0021200079,15,2,1,1,10:46 PM,9:51,MISS Lawson 6' Jump Shot,,,,,4,201951,Ty Lawson,1610612743.0,Denver,Nuggets,DEN,0,0,,,,,,0,0,,,,,,0
0021200079,16,4,0,1,10:46 PM,9:51,NUGGETS Rebound,,,,,2,1610612743,,,,,,0,0,,,,,,0,0,,,,,,0
0021200079,18,6,5,1,10:46 PM,9:51,,,Williams IN.FOUL (P1.T1),,,5,101107,Marvin Williams,1610612762.0,Utah,Jazz,UTA,4,201585,Kosta Koufos,1610612743.0,Denver,Nuggets,DEN,1,0,,,,,,0
0021200079,19,3,11,1,10:47 PM,9:51,Koufos Free Throw 1 of 2 (1 PTS),,,6 - 5,-1,4,201585,Kosta Koufos,1610612743.0,Denver,Nuggets,DEN,0,0,,,,,,0,0,,,,,,0
0021200079,21,3,12,1,10:47 PM,9:51,Koufos Free Throw 2 of 2 (2 PTS),,,6 - 6,TIE,4,201585,Kosta Koufos,1610612743.0,Denver,Nuggets,DEN,0,0,,,,,,0,0,,,,,,0
0021200079,23,2,46,1,10:47 PM,9:37,,,MISS Millsap 4' Running Jump Shot,,,5,200794,Paul Millsap,1610612762.0,Utah,Jazz,UTA,0,0,,,,,,0,0,,,,,,0
0021200079,25,4,0,1,10:47 PM,9:36,,,Jefferson REBOUND (Off:1 Def:0),,,5,2744,Al Jefferson,1610612762.0,Utah,Jazz,UTA,0,0,,,,,,0,0,,,,,,0
0021200079,24,2,4,1,10:47 PM,9:36,,,MISS Jefferson 1' Tip Shot,,,5,2744,Al Jefferson,1610612762.0,Utah,Jazz,UTA,0,0,,,,,,0,0,,,,,,0
0021200079,26,4,0,1,10:47 PM,9:35,Iguodala REBOUND (Off:0 Def:2),,,,,4,2738,Andre Iguodala,1610612743.0,Denver,Nuggets,DEN,0,0,,,,,,0,0,,,,,,0
0021200079,27,2,1,1,10:47 PM,9:17,MISS Gallinari 15' Jump Shot,,,,,4,201568,Danilo Gallinari,1610612743.0,Denver,Nuggets,DEN,0,0,,,,,,0,0,,,,,,0
0021200079,29,4,0,1,10:48 PM,9:14,Koufos REBOUND (Off:1 Def:0),,,,,4,201585,Kosta Koufos,1610612743.0,Denver,Nuggets,DEN,0,0,,,,,,0,0,,,,,,0
0021200079,28,2,5,1,10:48 PM,9:14,MISS Koufos 1' Layup,,,,,4,201585,Kosta Koufos,1610612743.0,Denver,Nuggets,DEN,0,0,,,,,,0,0,,,,,,0
0021200079,30,4,0,1,10:48 PM,9:12,,,Jefferson REBOUND (Off:1 Def:1),,,5,2744,Al Jefferson,1610612762.0,Utah,Jazz,UTA,0,0,,,,,,0,0,,,,,,0
0021200079,31,1,1,1,10:48 PM,9:06,,,Williams 4' Jump Shot (2 PTS),8 - 6,-2,5,2590,Mo Williams,1610612762.0,Utah,Jazz,UTA,0,0,,,,,,0,0,,,,,,0
0021200079,32,6,2,1,10:48 PM,9:04,,,Millsap S.FOUL (P1.T2),,,5,200794,Paul Millsap,1610612762.0,Utah,Jazz,UTA,4,202702,Kenneth Faried,1610612743.0,Denver,Nuggets,DEN,1,0,,,,,,0
0021200079,33,3,11,1,10:48 PM,9:04,MISS Faried Free Throw 1 of 2,,,,,4,202702,Kenneth Faried,1610612743.0,Denver,Nuggets,DEN,0,0,,,,,,0,0,,,,,,0
0021200079,34,4,1,1,10:48 PM,9:04,NUGGETS Rebound,,,,,2,1610612743,,,,,,0,0,,,,,,0,0,,,,,,0
0021200079,35,3,12,1,10:48 PM,9:04,Faried Free Throw 2 of 2 (1 PTS),,,8 - 7,-1,4,202702,Kenneth Faried,1610612743.0,Denver,Nuggets,DEN,0,0,,,,,,0,0,,,,,,0
0021200079,37,5,2,1,10:48 PM,9:00,Lawson STEAL (1 STL),,Williams Lost Ball Turnover (P1.T1),,,5,2590,Mo Williams,1610612762.0,Utah,Jazz,UTA,4,201951,Ty Lawson,1610612743.0,Denver,Nuggets,DEN,0,0,,,,,,0
0021200079,38,1,5,1,10:49 PM,8:54,Lawson 1' Layup (2 PTS),,,8 - 9,1,4,201951,Ty Lawson,1610612743.0,Denver,Nuggets,DEN,0,0,,,,,,0,0,,,,,,0
0021200079,39,1,47,1,10:49 PM,8:32,,,Millsap 3' Turnaround Jump Shot (4 PTS),10 - 9,-1,5,200794,Paul Millsap,1610612762.0,Utah,Jazz,UTA,0,0,,,,,,0,0,,,,,,0
0021200079,40,2,63,1,10:49 PM,8:13,MISS Faried 12' Fadeaway Jumper,,,,,4,202702,Kenneth Faried,1610612743.0,Denver,Nuggets,DEN,0,0,,,,,,0,0,,,,,,0
0021200079,41,4,0,1,10:49 PM,8:12,,,Williams REBOUND (Off:0 Def:1),,,5,101107,Marvin Williams,1610612762.0,Utah,Jazz,UTA,0,0,,,,,,0,0,,,,,,0
0021200079,43,1,65,1,10:50 PM,7:53,,,Millsap 4' Jump Hook Shot (6 PTS) (Williams 1 AST),12 - 9,-3,5,200794,Paul Millsap,1610612762.0,Utah,Jazz,UTA,5,101107,Marvin Williams,1610612762.0,Utah,Jazz,UTA,0,0,,,,,,0
0021200079,44,1,5,1,10:50 PM,7:47,Koufos  Layup (4 PTS) (Lawson 1 AST),,,12 - 11,-1,4,201585,Kosta Koufos,1610612743.0,Denver,Nuggets,DEN,4,201951,Ty Lawson,1610612743.0,Denver,Nuggets,DEN,0,0,,,,,,0
0021200079,45,2,1,1,10:50 PM,7:30,,,MISS Millsap 21' Jump Shot,,,5,200794,Paul Millsap,1610612762.0,Utah,Jazz,UTA,0,0,,,,,,0,0,,,,,,0
0021200079,46,4,0,1,10:50 PM,7:30,Iguodala REBOUND (Off:0 Def:3),,,,,4,2738,Andre Iguodala,1610612743.0,Denver,Nuggets,DEN,0,0,,,,,,0,0,,,,,,0
0021200079,47,5,4,1,10:50 PM,7:24,Iguodala Traveling Turnover (P2.T2),,,,,4,2738,Andre Iguodala,1610612743.0,Denver,Nuggets,DEN,0,0,,,,,,1,0,,,,,,0
0021200079,48,1,86,1,10:51 PM,7:07,,,Williams 15' Turnaround Fadeaway (4 PTS),14 - 11,-3,5,101107,Marvin Williams,1610612762.0,Utah,Jazz,UTA,0,0,,,,,,0,0,,,,,,0
0021200079,49,2,1,1,10:51 PM,6:59,MISS Lawson 23' Jump Shot,,,,,4,201951,Ty Lawson,1610612743.0,Denver,Nuggets,DEN,0,0,,,,,,0,0,,,,,,0
0021200079,50,4,0,1,10:51 PM,6:58,,,Jefferson REBOUND (Off:1 Def:2),,,5,2744,Al Jefferson,1610612762.0,Utah,Jazz,UTA,0,0,,,,,,0,0,,,,,,0
0021200079,51,2,63,1,10:51 PM,6:40,,,MISS Millsap 16' Fadeaway Jumper,,,5,200794,Paul Millsap,1610612762.0,Utah,Jazz,UTA,0,0,,,,,,0,0,,,,,,0
0021200079,52,4,0,1,10:52 PM,6:39,Gallinari REBOUND (Off:0 Def:1),,,,,4,201568,Danilo Gallinari,1610612743.0,Denver,Nuggets,DEN,0,0,,,,,,0,0,,,,,,0
0021200079,53,2,46,1,10:52 PM,6:24,MISS Lawson 5' Running Jump Shot,,,,,4,201951,Ty Lawson,1610612743.0,Denver,Nuggets,DEN,0,0,,,,,,0,0,,,,,,0
0021200079,54,4,0,1,10:52 PM,6:23,Koufos REBOUND (Off:2 Def:0),,,,,4,201585,Kosta Koufos,1610612743.0,Denver,Nuggets,DEN,0,0,,,,,,0,0,,,,,,0
0021200079,55,1,5,1,10:52 PM,6:13,Faried 1' Layup (3 PTS) (Lawson 2 AST),,,14 - 13,-1,4,202702,Kenneth Faried,1610612743.0,Denver,Nuggets,DEN,4,201951,Ty Lawson,1610612743.0,Denver,Nuggets,DEN,0,0,,,,,,0
0021200079,56,5,1,1,10:52 PM,5:53,Koufos STEAL (1 STL),,Millsap Bad Pass Turnover (P1.T2),,,5,200794,Paul Millsap,1610612762.0,Utah,Jazz,UTA,4,201585,Kosta Koufos,1610612743.0,Denver,Nuggets,DEN,0,0,,,,,,0
0021200079,57,1,71,1,10:52 PM,5:40,Gallinari 2' Finger Roll Layup (4 PTS),,,14 - 15,1,4,201568,Danilo Gallinari,1610612743.0,Denver,Nuggets,DEN,0,0,,,,,,0,0,,,,,,0
0021200079,59,9,1,1,10:53 PM,5:22,NUGGETS Timeout: Regular (Full 1 Short 0),,,,,2,1610612743,,,,,,0,0,,,,,,0,0,,,,,,0
0021200079,61,2,1,1,10:56 PM,5:18,,,MISS Williams 24' 3PT Jump Shot,,,5,2590,Mo Williams,1610612762.0,Utah,Jazz,UTA,0,0,,,,,,0,0,,,,,,0
0021200079,62,4,0,1,10:56 PM,5:18,,,Williams REBOUND (Off:1 Def:1),,,5,101107,Marvin Williams,1610612762.0,Utah,Jazz,UTA,0,0,,,,,,0,0,,,,,,0
0021200079,63,6,2,1,10:57 PM,5:18,Koufos S.FOUL (P1.T1),,,,,4,201585,Kosta Koufos,1610612743.0,Denver,Nuggets,DEN,5,101107,Marvin Williams,1610612762.0,Utah,Jazz,UTA,1,0,,,,,,0
0021200079,64,3,11,1,10:57 PM,5:18,,,Williams Free Throw 1 of 2 (5 PTS),15 - 15,TIE,5,101107,Marvin Williams,1610612762.0,Utah,Jazz,UTA,0,0,,,,,,0,0,,,,,,0
0021200079,66,3,12,1,10:57 PM,5:18,,,MISS Williams Free Throw 2 of 2,,,5,101107,Marvin Williams,1610612762.0,Utah,Jazz,UTA,0,0,,,,,,0,0,,,,,,0
0021200079,68,4,0,1,10:57 PM,5:16,Faried REBOUND (Off:1 Def:1),,,,,4,202702,Kenneth Faried,1610612743.0,Denver,Nuggets,DEN,0,0,,,,,,0,0,,,,,,0
0021200079,69,1,1,1,10:57 PM,4:58,Iguodala 19' Jump Shot (4 PTS) (Gallinari 2 AST),,,15 - 17,2,4,2738,Andre Iguodala,1610612743.0,Denver,Nuggets,DEN,4,201568,Danilo Gallinari,1610612743.0,Denver,Nuggets,DEN,0,0,,,,,,0
0021200079,70,2,46,1,10:58 PM,4:43,Faried BLOCK (1 BLK),,MISS Millsap 4' Running Jump Shot,,,5,200794,Paul Millsap,1610612762.0,Utah,Jazz,UTA,0,0,,,,,,4,202702,Kenneth Faried,1610612743.0,Denver,Nuggets,DEN,0
0021200079,71,4,0,1,10:58 PM,4:42,,,Jefferson REBOUND (Off:2 Def:2),,,5,2744,Al Jefferson,1610612762.0,Utah,Jazz,UTA,0,0,,,,,,0,0,,,,,,0
0021200079,72,6,2,1,10:58 PM,4:42,Gallinari S.FOUL (P1.T2),,,,,4,201568,Danilo Gallinari,1610612743.0,Denver,Nuggets,DEN,5,2744,Al Jefferson,1610612762.0,Utah,Jazz,UTA,1,0,,,,,,0
0021200079,73,3,11,1,10:58 PM,4:42,,,Jefferson Free Throw 1 of 2 (3 PTS),16 - 17,1,5,2744,Al Jefferson,1610612762.0,Utah,Jazz,UTA,0,0,,,,,,0,0,,,,,,0
0021200079,75,8,0,1,10:58 PM,4:42,,,SUB: Favors FOR Millsap,,,5,200794,Paul Millsap,1610612762.0,Utah,Jazz,UTA,5,202324,Derrick Favors,1610612762.0,Utah,Jazz,UTA,0,0,,,,,,0
0021200079,76,8,0,1,10:58 PM,4:42,SUB: McGee FOR Koufos,,,,,4,201585,Kosta Koufos,1610612743.0,Denver,Nuggets,DEN,4,201580,JaVale McGee,1610612743.0,Denver,Nuggets,DEN,0,0,,,,,,0
0021200079,77,3,12,1,10:58 PM,4:42,,,Jefferson Free Throw 2 of 2 (4 PTS),17 - 17,TIE,5,2744,Al Jefferson,1610612762.0,Utah,Jazz,UTA,0,0,,,,,,0,0,,,,,,0
0021200079,79,2,1,1,10:59 PM,4:22,MISS Gallinari 17' Jump Shot,,,,,4,201568,Danilo Gallinari,1610612743.0,Denver,Nuggets,DEN,0,0,,,,,,0,0,,,,,,0
0021200079,80,4,0,1,10:59 PM,4:21,,,Favors REBOUND (Off:0 Def:1),,,5,202324,Derrick Favors,1610612762.0,Utah,Jazz,UTA,0,0,,,,,,0,0,,,,,,0
0021200079,81,1,5,1,10:59 PM,4:17,,,Hayward 2' Layup (2 PTS) (Favors 1 AST),19 - 17,-2,5,202330,Gordon Hayward,1610612762.0,Utah,Jazz,UTA,5,202324,Derrick Favors,1610612762.0,Utah,Jazz,UTA,0,0,,,,,,0
0021200079,82,6,2,1,10:59 PM,4:17,Gallinari S.FOUL (P2.T3),,,,,4,201568,Danilo Gallinari,1610612743.0,Denver,Nuggets,DEN,5,202330,Gordon Hayward,1610612762.0,Utah,Jazz,UTA,1,0,,,,,,0
0021200079,83,8,0,1,11:00 PM,4:17,SUB: Brewer FOR Gallinari,,,,,4,201568,Danilo Gallinari,1610612743.0,Denver,Nuggets,DEN,4,201147,Corey Brewer,1610612743.0,Denver,Nuggets,DEN,0,0,,,,,,0
0021200079,84,3,10,1,11:00 PM,4:17,,,Hayward Free Throw 1 of 1 (3 PTS),20 - 17,-3,5,202330,Gordon Hayward,1610612762.0,Utah,Jazz,UTA,0,0,,,,,,0,0,,,,,,0
0021200079,86,1,1,1,11:00 PM,4:04,Faried 16' Jump Shot (5 PTS) (Lawson 3 AST),,,20 - 19,-1,4,202702,Kenneth Faried,1610612743.0,Denver,Nuggets,DEN,4,201951,Ty Lawson,1610612743.0,Denver,Nuggets,DEN,0,0,,,,,,0
0021200079,87,2,1,1,11:00 PM,3:46,,,MISS Williams 25' 3PT Jump Shot,,,5,2590,Mo Williams,1610612762.0,Utah,Jazz,UTA,0,0,,,,,,0,0,,,,,,0
0021200079,88,4,0,1,11:00 PM,3:45,,,Jefferson REBOUND (Off:3 Def:2),,,5,2744,Al Jefferson,1610612762.0,Utah,Jazz,UTA,0,0,,,,,,0,0,,,,,,0
0021200079,89,5,4,1,11:00 PM,3:38,,,Favors Traveling Turnover (P1.T3),,,5,202324,Derrick Favors,1610612762.0,Utah,Jazz,UTA,0,0,,,,,,1,0,,,,,,0
0021200079,90,8,0,1,11:01 PM,3:38,SUB: Mozgov FOR Faried,,,,,4,202702,Kenneth Faried,1610612743.0,Denver,Nuggets,DEN,4,202389,Timofey Mozgov,1610612743.0,Denver,Nuggets,DEN,0,0,,,,,,0
0021200079,91,8,0,1,11:01 PM,3:38,SUB: Miller FOR Lawson,,,,,4,201951,Ty Lawson,1610612743.0,Denver,Nuggets,DEN,4,1889,Andre Miller,1610612743.0,Denver,Nuggets,DEN,0,0,,,,,,0
0021200079,92,8,0,1,11:01 PM,3:38,,,SUB: Foye FOR Hayward,,,5,202330,Gordon Hayward,1610612762.0,Utah,Jazz,UTA,5,200751,Randy Foye,1610612762.0,Utah,Jazz,UTA,0,0,,,,,,0
0021200079,94,1,1,1,11:01 PM,3:17,Iguodala 19' Jump Shot (6 PTS) (McGee 1 AST),,,20 - 21,1,4,2738,Andre Iguodala,1610612743.0,Denver,Nuggets,DEN,4,201580,JaVale McGee,1610612743.0,Denver,Nuggets,DEN,0,0,,,,,,0
0021200079,95,2,1,1,11:01 PM,2:58,,,MISS Williams 29' 3PT Jump Shot,,,5,101107,Marvin Williams,1610612762.0,Utah,Jazz,UTA,0,0,,,,,,0,0,,,,,,0
0021200079,96,4,0,1,11:02 PM,2:57,McGee REBOUND (Off:0 Def:1),,,,,4,201580,JaVale McGee,1610612743.0,Denver,Nuggets,DEN,0,0,,,,,,0,0,,,,,,0
0021200079,97,1,1,1,11:02 PM,2:46,Brewer 17' Jump Shot (2 PTS) (Miller 1 AST),,,20 - 23,3,4,201147,Corey Brewer,1610612743.0,Denver,Nuggets,DEN,4,1889,Andre Miller,1610612743.0,Denver,Nuggets,DEN,0,0,,,,,,0
0021200079,98,2,5,1,11:02 PM,2:32,,,MISS Jefferson 1' Layup,,,5,2744,Al Jefferson,1610612762.0,Utah,Jazz,UTA,0,0,,,,,,0,0,,,,,,0
0021200079,99,4,0,1,11:02 PM,2:31,McGee REBOUND (Off:0 Def:2),,,,,4,201580,JaVale McGee,1610612743.0,Denver,Nuggets,DEN,0,0,,,,,,0,0,,,,,,0
0021200079,100,2,5,1,11:02 PM,2:25,MISS Brewer 2' Layup,,Favors BLOCK (1 BLK),,,4,201147,Corey Brewer,1610612743.0,Denver,Nuggets,DEN,0,0,,,,,,5,202324,Derrick Favors,1610612762.0,Utah,Jazz,UTA,0
0021200079,101,4,0,1,11:02 PM,2:24,,,Jefferson REBOUND (Off:3 Def:3),,,5,2744,Al Jefferson,1610612762.0,Utah,Jazz,UTA,0,0,,,,,,0,0,,,,,,0
0021200079,102,2,1,1,11:02 PM,2:14,,,MISS Williams 24' 3PT Jump Shot,,,5,101107,Marvin Williams,1610612762.0,Utah,Jazz,UTA,0,0,,,,,,0,0,,,,,,0
0021200079,103,4,0,1,11:02 PM,2:13,Iguodala REBOUND (Off:0 Def:4),,,,,4,2738,Andre Iguodala,1610612743.0,Denver,Nuggets,DEN,0,0,,,,,,0,0,,,,,,0
0021200079,104,2,1,1,11:02 PM,2:08,MISS Brewer 16' Jump Shot,,,,,4,201147,Corey Brewer,1610612743.0,Denver,Nuggets,DEN,0,0,,,,,,0,0,,,,,,0
0021200079,105,4,0,1,11:02 PM,2:08,,,Favors REBOUND (Off:0 Def:2),,,5,202324,Derrick Favors,1610612762.0,Utah,Jazz,UTA,0,0,,,,,,0,0,,,,,,0
0021200079,106,9,1,1,11:02 PM,2:08,,,Jazz Timeout: Regular (Reg.1 Short 0),,,3,1610612762,,,,,,0,0,,,,,,0,0,,,,,,0
0021200079,110,8,0,1,11:05 PM,2:08,,,SUB: Tinsley FOR Williams,,,5,2590,Mo Williams,1610612762.0,Utah,Jazz,UTA,5,2224,Jamaal Tinsley,1610612762.0,Utah,Jazz,UTA,0,0,,,,,,0
0021200079,109,8,0,1,11:05 PM,2:08,,,SUB: Kanter FOR Jefferson,,,5,2744,Al Jefferson,1610612762.0,Utah,Jazz,UTA,5,202683,Enes Kanter,1610612762.0,Utah,Jazz,UTA,0,0,,,,,,0
0021200079,111,5,1,1,11:06 PM,1:49,Brewer STEAL (1 STL),,Favors Bad Pass Turnover (P2.T4),,,5,202324,Derrick Favors,1610612762.0,Utah,Jazz,UTA,4,201147,Corey Brewer,1610612743.0,Denver,Nuggets,DEN,0,0,,,,,,0
0021200079,112,5,1,1,11:06 PM,1:33,Miller Bad Pass Turnover (P1.T3),,Williams STEAL (2 STL),,,4,1889,Andre Miller,1610612743.0,Denver,Nuggets,DEN,5,101107,Marvin Williams,1610612762.0,Utah,Jazz,UTA,0,0,,,,,,0
0021200079,113,2,1,1,11:06 PM,1:28,,,MISS Foye 24' 3PT Jump Shot,,,5,200751,Randy Foye,1610612762.0,Utah,Jazz,UTA,0,0,,,,,,0,0,,,,,,0
0021200079,114,4,0,1,11:06 PM,1:27,,,Jazz Rebound,,,3,1610612762,,,,,,0,0,,,,,,0,0,,,,,,0
0021200079,116,1,1,1,11:06 PM,1:24,,,Foye 17' Jump Shot (2 PTS) (Williams 2 AST),22 - 23,1,5,200751,Randy Foye,1610612762.0,Utah,Jazz,UTA,5,101107,Marvin Williams,1610612762.0,Utah,Jazz,UTA,0,0,,,,,,0
0021200079,117,2,47,1,11:07 PM,1:02,MISS McGee 8' Turnaround Jump Shot,,,,,4,201580,JaVale McGee,1610612743.0,Denver,Nuggets,DEN,0,0,,,,,,0,0,,,,,,0
0021200079,118,4,0,1,11:07 PM,1:01,,,Williams REBOUND (Off:1 Def:2),,,5,101107,Marvin Williams,1610612762.0,Utah,Jazz,UTA,0,0,,,,,,0,0,,,,,,0
0021200079,119,1,1,1,11:07 PM,0:46,,,Kanter 12' Jump Shot (2 PTS) (Tinsley 1 AST),24 - 23,-1,5,202683,Enes Kanter,1610612762.0,Utah,Jazz,UTA,5,2224,Jamaal Tinsley,1610612762.0,Utah,Jazz,UTA,0,0,,,,,,0
0021200079,120,2,47,1,11:07 PM,0:30,MISS Mozgov 10' Turnaround Jump Shot,,,,,4,202389,Timofey Mozgov,1610612743.0,Denver,Nuggets,DEN,0,0,,,,,,0,0,,,,,,0
0021200079,121,4,0,1,11:07 PM,0:29,,,Kanter REBOUND (Off:0 Def:1),,,5,202683,Enes Kanter,1610612762.0,Utah,Jazz,UTA,0,0,,,,,,0,0,,,,,,0
0021200079,122,1,5,1,11:07 PM,0:26,,,Favors 2' Layup (2 PTS) (Tinsley 2 AST),26 - 23,-3,5,202324,Derrick Favors,1610612762.0,Utah,Jazz,UTA,5,2224,Jamaal Tinsley,1610612762.0,Utah,Jazz,UTA,0,0,,,,,,0
0021200079,123,6,2,1,11:07 PM,0:26,Mozgov S.FOUL (P1.T4),,,,,4,202389,Timofey Mozgov,1610612743.0,Denver,Nuggets,DEN,5,202324,Derrick Favors,1610612762.0,Utah,Jazz,UTA,1,0,,,,,,0
0021200079,124,8,0,1,11:08 PM,0:26,,,SUB: Burks FOR Williams,,,5,101107,Marvin Williams,1610612762.0,Utah,Jazz,UTA,5,202692,Alec Burks,1610612762.0,Utah,Jazz,UTA,0,0,,,,,,0
0021200079,125,8,0,1,11:08 PM,0:26,SUB: Lawson FOR Mozgov,,,,,4,202389,Timofey Mozgov,1610612743.0,Denver,Nuggets,DEN,4,201951,Ty Lawson,1610612743.0,Denver,Nuggets,DEN,0,0,,,,,,0
0021200079,126,3,10,1,11:08 PM,0:26,,,Favors Free Throw 1 of 1 (3 PTS),27 - 23,-4,5,202324,Derrick Favors,1610612762.0,Utah,Jazz,UTA,0,0,,,,,,0,0,,,,,,0
0021200079,128,6,28,1,11:09 PM,0:13,,,Tinsley Personal Take Foul (P1.T3),,,5,2224,Jamaal Tinsley,1610612762.0,Utah,Jazz,UTA,4,201951,Ty Lawson,1610612743.0,Denver,Nuggets,DEN,1,0,,,,,,0
0021200079,129,1,1,1,11:09 PM,0:05,Brewer 25' 3PT Jump Shot (5 PTS) (Lawson 4 AST),,,27 - 26,-1,4,201147,Corey Brewer,1610612743.0,Denver,Nuggets,DEN,4,201951,Ty Lawson,1610612743.0,Denver,Nuggets,DEN,0,0,,,,,,0
0021200079,130,2,1,1,11:09 PM,0:02,Iguodala BLOCK (1 BLK),,MISS Burks 38' 3PT Jump Shot,,,5,202692,Alec Burks,1610612762.0,Utah,Jazz,UTA,0,0,,,,,,4,2738,Andre Iguodala,1610612743.0,Denver,Nuggets,DEN,0
0021200079,131,4,0,1,11:09 PM,0:01,Iguodala REBOUND (Off:0 Def:5),,,,,4,2738,Andre Iguodala,1610612743.0,Denver,Nuggets,DEN,0,0,,,,,,0,0,,,,,,0
0021200079,132,2,1,1,11:09 PM,0:00,MISS Iguodala 52' 3PT Jump Shot,,,,,4,2738,Andre Iguodala,1610612743.0,Denver,Nuggets,DEN,0,0,,,,,,0,0,,,,,,0
0021200079,133,4,0,1,11:09 PM,0:00,NUGGETS Rebound,,,,,2,1610612743,,,,,,0,0,,,,,,0,0,,,,,,0
0021200079,134,13,0,1,11:09 PM,0:00,,End of 1st Period (11:09 PM EST),,27 - 26,-1,0,0,,,,,,0,0,,,,,,0,0,,,,,,0
0021200079,136,12,0,2,11:13 PM,12:00,,Start of 2nd Period (11:13 PM EST),,27 - 26,-1,0,0,,,,,,0,0,,,,,,0,0,,,,,,0
0021200079,137,1,5,2,11:14 PM,11:36,,,Kanter 1' Layup (4 PTS),29 - 26,-3,5,202683,Enes Kanter,1610612762.0,Utah,Jazz,UTA,0,0,,,,,,0,0,,,,,,0
0021200079,138,2,1,2,11:14 PM,11:22,MISS Miller 16' Jump Shot,,Foye BLOCK (1 BLK),,,4,1889,Andre Miller,1610612743.0,Denver,Nuggets,DEN,0,0,,,,,,5,200751,Randy Foye,1610612762.0,Utah,Jazz,UTA,0
0021200079,139,4,0,2,11:14 PM,11:21,NUGGETS Rebound,,,,,2,1610612743,,,,,,0,0,,,,,,0,0,,,,,,0
0021200079,141,2,42,2,11:14 PM,11:14,MISS Brewer 3' Driving Layup,,Favors BLOCK (2 BLK),,,4,201147,Corey Brewer,1610612743.0,Denver,Nuggets,DEN,0,0,,,,,,5,202324,Derrick Favors,1610612762.0,Utah,Jazz,UTA,0
0021200079,142,4,0,2,11:14 PM,11:12,,,Tinsley REBOUND (Off:0 Def:1),,,5,2224,Jamaal Tinsley,1610612762.0,Utah,Jazz,UTA,0,0,,,,,,0,0,,,,,,0
0021200079,143,6,2,2,11:14 PM,11:11,Iguodala S.FOUL (P1.T1),,,,,4,2738,Andre Iguodala,1610612743.0,Denver,Nuggets,DEN,5,202692,Alec Burks,1610612762.0,Utah,Jazz,UTA,1,0,,,,,,0
0021200079,144,3,11,2,11:15 PM,11:11,,,MISS Burks Free Throw 1 of 2,,,5,202692,Alec Burks,1610612762.0,Utah,Jazz,UTA,0,0,,,,,,0,0,,,,,,0
0021200079,147,4,0,2,11:15 PM,11:11,,,Jazz Rebound,,,3,1610612762,,,,,,0,0,,,,,,0,0,,,,,,0
0021200079,146,3,12,2,11:15 PM,11:11,,,Burks Free Throw 2 of 2 (1 PTS),30 - 26,-4,5,202692,Alec Burks,1610612762.0,Utah,Jazz,UTA,0,0,,,,,,0,0,,,,,,0
0021200079,149,6,1,2,11:16 PM,11:03,,,Favors P.FOUL (P1.T1),,,5,202324,Derrick Favors,1610612762.0,Utah,Jazz,UTA,4,201580,JaVale McGee,1610612743.0,Denver,Nuggets,DEN,1,0,,,,,,0
0021200079,150,8,0,2,11:16 PM,11:03,SUB: Lawson FOR Iguodala,,,,,4,2738,Andre Iguodala,1610612743.0,Denver,Nuggets,DEN,4,201951,Ty Lawson,1610612743.0,Denver,Nuggets,DEN,0,0,,,,,,0
0021200079,151,2,5,2,11:16 PM,10:51,MISS McGee 2' Layup,,,,,4,201580,JaVale McGee,1610612743.0,Denver,Nuggets,DEN,0,0,,,,,,0,0,,,,,,0
0021200079,152,4,0,2,11:16 PM,10:50,,,Kanter REBOUND (Off:0 Def:2),,,5,202683,Enes Kanter,1610612762.0,Utah,Jazz,UTA,0,0,,,,,,0,0,,,,,,0
0021200079,153,2,1,2,11:16 PM,10:29,,,MISS Kanter 19' Jump Shot,,,5,202683,Enes Kanter,1610612762.0,Utah,Jazz,UTA,0,0,,,,,,0,0,,,,,,0
0021200079,154,4,0,2,11:16 PM,10:28,Miller REBOUND (Off:0 Def:1),,,,,4,1889,Andre Miller,1610612743.0,Denver,Nuggets,DEN,0,0,,,,,,0,0,,,,,,0
0021200079,155,2,44,2,11:17 PM,10:21,MISS McGee 2' Reverse Layup,,Favors BLOCK (3 BLK),,,4,201580,JaVale McGee,1610612743.0,Denver,Nuggets,DEN,0,0,,,,,,5,202324,Derrick Favors,1610612762.0,Utah,Jazz,UTA,0
0021200079,157,4,0,2,11:17 PM,10:21,NUGGETS Rebound,,,,,2,1610612743,,,,,,0,0,,,,,,0,0,,,,,,0
0021200079,156,8,0,2,11:17 PM,10:21,SUB: Faried FOR Mozgov,,,,,4,202389,Timofey Mozgov,1610612743.0,Denver,Nuggets,DEN,4,202702,Kenneth Faried,1610612743.0,Denver,Nuggets,DEN,0,0,,,,,,0
0021200079,158,10,0,2,11:17 PM,10:21,Jump Ball McGee vs. Favors: Tip to Lawson,,,,,4,201580,JaVale McGee,1610612743.0,Denver,Nuggets,DEN,5,202324,Derrick Favors,1610612762.0,Utah,Jazz,UTA,4,201951,Ty Lawson,1610612743.0,Denver,Nuggets,DEN,0
0021200079,159,2,42,2,11:18 PM,10:14,MISS Lawson 2' Driving Layup,,Kanter BLOCK (1 BLK),,,4,201951,Ty Lawson,1610612743.0,Denver,Nuggets,DEN,0,0,,,,,,5,202683,Enes Kanter,1610612762.0,Utah,Jazz,UTA,0
0021200079,160,4,0,2,11:18 PM,10:13,NUGGETS Rebound,,,,,2,1610612743,,,,,,0,0,,,,,,0,0,,,,,,0
0021200079,162,6,2,2,11:18 PM,10:07,,,Foye S.FOUL (P1.T2),,,5,200751,Randy Foye,1610612762.0,Utah,Jazz,UTA,4,1889,Andre Miller,1610612743.0,Denver,Nuggets,DEN,1,0,,,,,,0
0021200079,163,3,11,2,11:18 PM,10:07,Miller Free Throw 1 of 2 (1 PTS),,,30 - 27,-3,4,1889,Andre Miller,1610612743.0,Denver,Nuggets,DEN,0,0,,,,,,0,0,,,,,,0
0021200079,165,3,12,2,11:18 PM,10:07,Miller Free Throw 2 of 2 (2 PTS),,,30 - 28,-2,4,1889,Andre Miller,1610612743.0,Denver,Nuggets,DEN,0,0,,,,,,0,0,,,,,,0
0021200079,167,2,1,2,11:19 PM,9:58,,,MISS Burks 18' Jump Shot,,,5,202692,Alec Burks,1610612762.0,Utah,Jazz,UTA,0,0,,,,,,0,0,,,,,,0
0021200079,168,4,0,2,11:19 PM,9:57,Miller REBOUND (Off:0 Def:2),,,,,4,1889,Andre Miller,1610612743.0,Denver,Nuggets,DEN,0,0,,,,,,0,0,,,,,,0
0021200079,169,2,1,2,11:19 PM,9:48,MISS Miller 25' 3PT Jump Shot,,,,,4,1889,Andre Miller,1610612743.0,Denver,Nuggets,DEN,0,0,,,,,,0,0,,,,,,0
0021200079,170,4,0,2,11:19 PM,9:47,,,Burks REBOUND (Off:0 Def:1),,,5,202692,Alec Burks,1610612762.0,Utah,Jazz,UTA,0,0,,,,,,0,0,,,,,,0
0021200079,171,2,1,2,11:19 PM,9:33,,,MISS Tinsley 18' Jump Shot,,,5,2224,Jamaal Tinsley,1610612762.0,Utah,Jazz,UTA,0,0,,,,,,0,0,,,,,,0
0021200079,172,4,0,2,11:19 PM,9:31,McGee REBOUND (Off:0 Def:3),,,,,4,201580,JaVale McGee,1610612743.0,Denver,Nuggets,DEN,0,0,,,,,,0,0,,,,,,0
0021200079,173,2,5,2,11:19 PM,9:25,MISS Miller 2' Layup,,Favors BLOCK (4 BLK),,,4,1889,Andre Miller,1610612743.0,Denver,Nuggets,DEN,0,0,,,,,,5,202324,Derrick Favors,1610612762.0,Utah,Jazz,UTA,0
0021200079,174,4,0,2,11:19 PM,9:24,Faried REBOUND (Off:2 Def:1),,,,,4,202702,Kenneth Faried,1610612743.0,Denver,Nuggets,DEN,0,0,,,,,,0,0,,,,,,0
0021200079,175,1,5,2,11:19 PM,9:24,Faried 3' Layup (7 PTS),,,30 - 30,TIE,4,202702,Kenneth Faried,1610612743.0,Denver,Nuggets,DEN,0,0,,,,,,0,0,,,,,,0
0021200079,176,7,1,2,11:20 PM,9:24,NUGGETS Violation: Delay of game Violation,,,,,2,1610612743,,,,,,0,0,,,,,,1,0,,,,,,0
0021200079,177,1,1,2,11:20 PM,9:02,,,Tinsley 18' Jump Shot (2 PTS) (Kanter 1 AST),32 - 30,-2,5,2224,Jamaal Tinsley,1610612762.0,Utah,Jazz,UTA,5,202683,Enes Kanter,1610612762.0,Utah,Jazz,UTA,0,0,,,,,,0
0021200079,178,2,63,2,11:20 PM,8:46,MISS McGee 17' Fadeaway Jumper,,,,,4,201580,JaVale McGee,1610612743.0,Denver,Nuggets,DEN,0,0,,,,,,0,0,,,,,,0
0021200079,179,4,0,2,11:20 PM,8:45,Faried REBOUND (Off:3 Def:1),,,,,4,202702,Kenneth Faried,1610612743.0,Denver,Nuggets,DEN,0,0,,,,,,0,0,,,,,,0
0021200079,180,1,5,2,11:20 PM,8:41,Faried 2' Layup (9 PTS),,,32 - 32,TIE,4,202702,Kenneth Faried,1610612743.0,Denver,Nuggets,DEN,0,0,,,,,,0,0,,,,,,0
0021200079,181,2,1,2,11:21 PM,8:25,,,MISS Foye 18' Jump Shot,,,5,200751,Randy Foye,1610612762.0,Utah,Jazz,UTA,0,0,,,,,,0,0,,,,,,0
0021200079,183,4,0,2,11:21 PM,8:25,,,Kanter REBOUND (Off:1 Def:2),,,5,202683,Enes Kanter,1610612762.0,Utah,Jazz,UTA,0,0,,,,,,0,0,,,,,,0
0021200079,182,1,4,2,11:21 PM,8:25,,,Kanter 2' Tip Shot (6 PTS),34 - 32,-2,5,202683,Enes Kanter,1610612762.0,Utah,Jazz,UTA,0,0,,,,,,0,0,,,,,,0
0021200079,184,2,1,2,11:21 PM,8:10,MISS Brewer 25' 3PT Jump Shot,,,,,4,201147,Corey Brewer,1610612743.0,Denver,Nuggets,DEN,0,0,,,,,,0,0,,,,,,0
0021200079,185,4,0,2,11:21 PM,8:10,McGee REBOUND (Off:1 Def:3),,,,,4,201580,JaVale McGee,1610612743.0,Denver,Nuggets,DEN,0,0,,,,,,0,0,,,,,,0
0021200079,186,1,7,2,11:21 PM,8:06,McGee  Dunk (2 PTS),,,34 - 34,TIE,4,201580,JaVale McGee,1610612743.0,Denver,Nuggets,DEN,0,0,,,,,,0,0,,,,,,0
0021200079,187,2,1,2,11:21 PM,7:59,,,MISS Burks 24' 3PT Jump Shot,,,5,202692,Alec Burks,1610612762.0,Utah,Jazz,UTA,0,0,,,,,,0,0,,,,,,0
0021200079,188,4,0,2,11:21 PM,7:58,Lawson REBOUND (Off:0 Def:1),,,,,4,201951,Ty Lawson,1610612743.0,Denver,Nuggets,DEN,0,0,,,,,,0,0,,,,,,0
0021200079,189,2,5,2,11:21 PM,7:52,MISS Faried 1' Layup,,,,,4,202702,Kenneth Faried,1610612743.0,Denver,Nuggets,DEN,0,0,,,,,,0,0,,,,,,0
0021200079,190,4,0,2,11:21 PM,7:50,,,Tinsley REBOUND (Off:0 Def:2),,,5,2224,Jamaal Tinsley,1610612762.0,Utah,Jazz,UTA,0,0,,,,,,0,0,,,,,,0
0021200079,191,5,1,2,11:21 PM,7:45,Lawson STEAL (2 STL),,Tinsley Bad Pass Turnover (P1.T5),,,5,2224,Jamaal Tinsley,1610612762.0,Utah,Jazz,UTA,4,201951,Ty Lawson,1610612743.0,Denver,Nuggets,DEN,0,0,,,,,,0
0021200079,192,1,42,2,11:21 PM,7:39,Lawson 1' Driving Layup (4 PTS),,,34 - 36,2,4,201951,Ty Lawson,1610612743.0,Denver,Nuggets,DEN,0,0,,,,,,0,0,,,,,,0
0021200079,194,9,1,2,11:23 PM,7:31,,,Jazz Timeout: Regular (Reg.2 Short 0),,,3,1610612762,,,,,,0,0,,,,,,0,0,,,,,,0
0021200079,196,8,0,2,11:24 PM,7:31,,,SUB: Williams FOR Tinsley,,,5,2224,Jamaal Tinsley,1610612762.0,Utah,Jazz,UTA,5,2590,Mo Williams,1610612762.0,Utah,Jazz,UTA,0,0,,,,,,0
0021200079,197,8,0,2,11:24 PM,7:31,,,SUB: Hayward FOR Kanter,,,5,202683,Enes Kanter,1610612762.0,Utah,Jazz,UTA,5,202330,Gordon Hayward,1610612762.0,Utah,Jazz,UTA,0,0,,,,,,0
0021200079,198,8,0,2,11:24 PM,7:31,,,SUB: Millsap FOR Burks,,,5,202692,Alec Burks,1610612762.0,Utah,Jazz,UTA,5,200794,Paul Millsap,1610612762.0,Utah,Jazz,UTA,0,0,,,,,,0
0021200079,199,8,0,2,11:24 PM,7:31,SUB: Koufos FOR McGee,,,,,4,201580,JaVale McGee,1610612743.0,Denver,Nuggets,DEN,4,201585,Kosta Koufos,1610612743.0,Denver,Nuggets,DEN,0,0,,,,,,0
0021200079,201,2,5,2,11:26 PM,7:15,Miller BLOCK (1 BLK),,MISS Favors 1' Layup,,,5,202324,Derrick Favors,1610612762.0,Utah,Jazz,UTA,0,0,,,,,,4,1889,Andre Miller,1610612743.0,Denver,Nuggets,DEN,0
0021200079,202,4,0,2,11:26 PM,7:15,,,Favors REBOUND (Off:1 Def:2),,,5,202324,Derrick Favors,1610612762.0,Utah,Jazz,UTA,0,0,,,,,,0,0,,,,,,0
0021200079,203,6,2,2,11:26 PM,7:15,Miller S.FOUL (P1.T2),,,,,4,1889,Andre Miller,1610612743.0,Denver,Nuggets,DEN,5,202324,Derrick Favors,1610612762.0,Utah,Jazz,UTA,1,0,,,,,,0
0021200079,204,3,11,2,11:26 PM,7:15,,,Favors Free Throw 1 of 2 (4 PTS),35 - 36,1,5,202324,Derrick Favors,1610612762.0,Utah,Jazz,UTA,0,0,,,,,,0,0,,,,,,0
0021200079,206,3,12,2,11:26 PM,7:15,,,Favors Free Throw 2 of 2 (5 PTS),36 - 36,TIE,5,202324,Derrick Favors,1610612762.0,Utah,Jazz,UTA,0,0,,,,,,0,0,,,,,,0
0021200079,208,1,5,2,11:27 PM,7:01,Brewer 2' Layup (7 PTS) (Miller 2 AST),,,36 - 38,2,4,201147,Corey Brewer,1610612743.0,Denver,Nuggets,DEN,4,1889,Andre Miller,1610612743.0,Denver,Nuggets,DEN,0,0,,,,,,0
0021200079,209,2,5,2,11:27 PM,6:47,Miller BLOCK (2 BLK),,MISS Hayward 2' Layup,,,5,202330,Gordon Hayward,1610612762.0,Utah,Jazz,UTA,0,0,,,,,,4,1889,Andre Miller,1610612743.0,Denver,Nuggets,DEN,0
0021200079,210,4,0,2,11:27 PM,6:46,,,Favors REBOUND (Off:2 Def:2),,,5,202324,Derrick Favors,1610612762.0,Utah,Jazz,UTA,0,0,,,,,,0,0,,,,,,0
0021200079,211,2,5,2,11:27 PM,6:43,Koufos BLOCK (2 BLK),,MISS Favors 1' Layup,,,5,202324,Derrick Favors,1610612762.0,Utah,Jazz,UTA,0,0,,,,,,4,201585,Kosta Koufos,1610612743.0,Denver,Nuggets,DEN,0
0021200079,212,4,0,2,11:27 PM,6:42,Koufos REBOUND (Off:2 Def:1),,,,,4,201585,Kosta Koufos,1610612743.0,Denver,Nuggets,DEN,0,0,,,,,,0,0,,,,,,0
0021200079,213,2,42,2,11:27 PM,6:33,MISS Lawson 2' Driving Layup,,Millsap BLOCK (1 BLK),,,4,201951,Ty Lawson,1610612743.0,Denver,Nuggets,DEN,0,0,,,,,,5,200794,Paul Millsap,1610612762.0,Utah,Jazz,UTA,0
0021200079,214,4,0,2,11:27 PM,6:32,Koufos REBOUND (Off:3 Def:1),,,,,4,201585,Kosta Koufos,1610612743.0,Denver,Nuggets,DEN,0,0,,,,,,0,0,,,,,,0
0021200079,215,6,1,2,11:27 PM,6:26,,,Hayward P.FOUL (P1.T3),,,5,202330,Gordon Hayward,1610612762.0,Utah,Jazz,UTA,4,201951,Ty Lawson,1610612743.0,Denver,Nuggets,DEN,1,0,,,,,,0
0021200079,216,8,0,2,11:28 PM,6:26,,,SUB: Jefferson FOR Favors,,,5,202324,Derrick Favors,1610612762.0,Utah,Jazz,UTA,5,2744,Al Jefferson,1610612762.0,Utah,Jazz,UTA,0,0,,,,,,0
0021200079,217,8,0,2,11:28 PM,6:26,SUB: Gallinari FOR Brewer,,,,,4,201147,Corey Brewer,1610612743.0,Denver,Nuggets,DEN,4,201568,Danilo Gallinari,1610612743.0,Denver,Nuggets,DEN,0,0,,,,,,0
0021200079,218,6,1,2,11:28 PM,6:23,,,Williams P.FOUL (P1.T4),,,5,2590,Mo Williams,1610612762.0,Utah,Jazz,UTA,4,201951,Ty Lawson,1610612743.0,Denver,Nuggets,DEN,1,0,,,,,,0
0021200079,219,2,42,2,11:28 PM,6:18,MISS Lawson 3' Driving Layup,,,,,4,201951,Ty Lawson,1610612743.0,Denver,Nuggets,DEN,0,0,,,,,,0,0,,,,,,0
0021200079,220,4,0,2,11:28 PM,6:17,Faried REBOUND (Off:4 Def:1),,,,,4,202702,Kenneth Faried,1610612743.0,Denver,Nuggets,DEN,0,0,,,,,,0,0,,,,,,0
0021200079,221,6,3,2,11:28 PM,6:17,,,Williams L.B.FOUL (P2.PN),,,5,2590,Mo Williams,1610612762.0,Utah,Jazz,UTA,4,202702,Kenneth Faried,1610612743.0,Denver,Nuggets,DEN,1,0,,,,,,0
0021200079,222,3,11,2,11:29 PM,6:17,Faried Free Throw 1 of 2 (10 PTS),,,36 - 39,3,4,202702,Kenneth Faried,1610612743.0,Denver,Nuggets,DEN,0,0,,,,,,0,0,,,,,,0
0021200079,224,3,12,2,11:29 PM,6:17,Faried Free Throw 2 of 2 (11 PTS),,,36 - 40,4,4,202702,Kenneth Faried,1610612743.0,Denver,Nuggets,DEN,0,0,,,,,,0,0,,,,,,0
0021200079,226,2,65,2,11:29 PM,5:58,,,MISS Jefferson 11' Jump Hook Shot,,,5,2744,Al Jefferson,1610612762.0,Utah,Jazz,UTA,0,0,,,,,,0,0,,,,,,0
0021200079,227,4,0,2,11:29 PM,5:58,Koufos REBOUND (Off:3 Def:2),,,,,4,201585,Kosta Koufos,1610612743.0,Denver,Nuggets,DEN,0,0,,,,,,0,0,,,,,,0
0021200079,228,6,1,2,11:29 PM,5:55,,,Hayward P.FOUL (P2.PN),,,5,202330,Gordon Hayward,1610612762.0,Utah,Jazz,UTA,4,201951,Ty Lawson,1610612743.0,Denver,Nuggets,DEN,1,0,,,,,,0
0021200079,229,9,4,2,11:30 PM,5:55,,Timeout: Official,,,,1,0,,,,,,0,0,,,,,,0,0,,,,,,0
0021200079,232,8,0,2,11:32 PM,5:55,SUB: Iguodala FOR Miller,,,,,4,1889,Andre Miller,1610612743.0,Denver,Nuggets,DEN,4,2738,Andre Iguodala,1610612743.0,Denver,Nuggets,DEN,0,0,,,,,,0
0021200079,233,3,11,2,11:32 PM,5:55,MISS Lawson Free Throw 1 of 2,,,,,4,201951,Ty Lawson,1610612743.0,Denver,Nuggets,DEN,0,0,,,,,,0,0,,,,,,0
0021200079,234,4,1,2,11:32 PM,5:55,NUGGETS Rebound,,,,,2,1610612743,,,,,,0,0,,,,,,0,0,,,,,,0
0021200079,235,3,12,2,11:32 PM,5:55,Lawson Free Throw 2 of 2 (5 PTS),,,36 - 41,5,4,201951,Ty Lawson,1610612743.0,Denver,Nuggets,DEN,0,0,,,,,,0,0,,,,,,0
0021200079,237,2,1,2,11:33 PM,5:38,,,MISS Williams 21' Jump Shot,,,5,2590,Mo Williams,1610612762.0,Utah,Jazz,UTA,0,0,,,,,,0,0,,,,,,0
0021200079,238,4,0,2,11:33 PM,5:37,Faried REBOUND (Off:4 Def:2),,,,,4,202702,Kenneth Faried,1610612743.0,Denver,Nuggets,DEN,0,0,,,,,,0,0,,,,,,0
0021200079,239,6,1,2,11:33 PM,5:28,,,Hayward P.FOUL (P3.PN),,,5,202330,Gordon Hayward,1610612762.0,Utah,Jazz,UTA,4,201568,Danilo Gallinari,1610612743.0,Denver,Nuggets,DEN,1,0,,,,,,0
0021200079,240,3,11,2,11:34 PM,5:28,MISS Gallinari Free Throw 1 of 2,,,,,4,201568,Danilo Gallinari,1610612743.0,Denver,Nuggets,DEN,0,0,,,,,,0,0,,,,,,0
0021200079,241,4,1,2,11:34 PM,5:28,NUGGETS Rebound,,,,,2,1610612743,,,,,,0,0,,,,,,0,0,,,,,,0
0021200079,242,8,0,2,11:34 PM,5:28,,,SUB: Williams FOR Hayward,,,5,202330,Gordon Hayward,1610612762.0,Utah,Jazz,UTA,5,101107,Marvin Williams,1610612762.0,Utah,Jazz,UTA,0,0,,,,,,0
0021200079,243,3,12,2,11:34 PM,5:28,Gallinari Free Throw 2 of 2 (5 PTS),,,36 - 42,6,4,201568,Danilo Gallinari,1610612743.0,Denver,Nuggets,DEN,0,0,,,,,,0,0,,,,,,0
0021200079,245,2,1,2,11:34 PM,5:07,,,MISS Foye 24' 3PT Jump Shot,,,5,200751,Randy Foye,1610612762.0,Utah,Jazz,UTA,0,0,,,,,,0,0,,,,,,0
0021200079,246,4,0,2,11:34 PM,5:06,Gallinari REBOUND (Off:0 Def:2),,,,,4,201568,Danilo Gallinari,1610612743.0,Denver,Nuggets,DEN,0,0,,,,,,0,0,,,,,,0
0021200079,247,2,1,2,11:34 PM,5:00,MISS Gallinari 21' Jump Shot,,,,,4,201568,Danilo Gallinari,1610612743.0,Denver,Nuggets,DEN,0,0,,,,,,0,0,,,,,,0
0021200079,248,4,0,2,11:34 PM,4:57,,,Millsap REBOUND (Off:0 Def:2),,,5,200794,Paul Millsap,1610612762.0,Utah,Jazz,UTA,0,0,,,,,,0,0,,,,,,0
0021200079,249,5,4,2,11:35 PM,4:35,,,Williams Traveling Turnover (P2.T6),,,5,2590,Mo Williams,1610612762.0,Utah,Jazz,UTA,0,0,,,,,,1,0,,,,,,0
0021200079,250,1,56,2,11:35 PM,4:18,Koufos 3' Running Hook Shot (6 PTS) (Lawson 5 AST),,,36 - 44,8,4,201585,Kosta Koufos,1610612743.0,Denver,Nuggets,DEN,4,201951,Ty Lawson,1610612743.0,Denver,Nuggets,DEN,0,0,,,,,,0
0021200079,251,5,1,2,11:36 PM,3:54,,,Jazz Turnover: Bad Pass (T#7),,,3,1610612762,,,,,,0,0,,,,,,1,0,,,,,,0
0021200079,252,6,1,2,11:37 PM,3:44,,,Millsap P.FOUL (P2.PN),,,5,200794,Paul Millsap,1610612762.0,Utah,Jazz,UTA,4,202702,Kenneth Faried,1610612743.0,Denver,Nuggets,DEN,1,0,,,,,,0
0021200079,253,3,11,2,11:37 PM,3:44,MISS Faried Free Throw 1 of 2,,,,,4,202702,Kenneth Faried,1610612743.0,Denver,Nuggets,DEN,0,0,,,,,,0,0,,,,,,0
0021200079,254,4,1,2,11:37 PM,3:44,NUGGETS Rebound,,,,,2,1610612743,,,,,,0,0,,,,,,0,0,,,,,,0
0021200079,255,3,12,2,11:37 PM,3:44,Faried Free Throw 2 of 2 (12 PTS),,,36 - 45,9,4,202702,Kenneth Faried,1610612743.0,Denver,Nuggets,DEN,0,0,,,,,,0,0,,,,,,0
0021200079,256,7,5,2,11:38 PM,3:35,Koufos Violation:Kicked Ball,,,,,4,201585,Kosta Koufos,1610612743.0,Denver,Nuggets,DEN,0,0,,,,,,1,0,,,,,,0
0021200079,257,6,2,2,11:38 PM,3:30,Faried S.FOUL (P1.T3),,,,,4,202702,Kenneth Faried,1610612743.0,Denver,Nuggets,DEN,5,200751,Randy Foye,1610612762.0,Utah,Jazz,UTA,1,0,,,,,,0
0021200079,258,3,11,2,11:38 PM,3:30,,,Foye Free Throw 1 of 2 (3 PTS),37 - 45,8,5,200751,Randy Foye,1610612762.0,Utah,Jazz,UTA,0,0,,,,,,0,0,,,,,,0
0021200079,260,3,12,2,11:39 PM,3:30,,,Foye Free Throw 2 of 2 (4 PTS),38 - 45,7,5,200751,Randy Foye,1610612762.0,Utah,Jazz,UTA,0,0,,,,,,0,0,,,,,,0
0021200079,262,2,44,2,11:39 PM,3:15,MISS Faried 2' Reverse Layup,,Williams BLOCK (1 BLK),,,4,202702,Kenneth Faried,1610612743.0,Denver,Nuggets,DEN,0,0,,,,,,5,101107,Marvin Williams,1610612762.0,Utah,Jazz,UTA,0
0021200079,263,4,0,2,11:39 PM,3:14,,,Jefferson REBOUND (Off:3 Def:4),,,5,2744,Al Jefferson,1610612762.0,Utah,Jazz,UTA,0,0,,,,,,0,0,,,,,,0
0021200079,264,5,1,2,11:39 PM,3:06,Faried STEAL (1 STL),,Jefferson Bad Pass Turnover (P1.T8),,,5,2744,Al Jefferson,1610612762.0,Utah,Jazz,UTA,4,202702,Kenneth Faried,1610612743.0,Denver,Nuggets,DEN,0,0,,,,,,0
0021200079,265,6,2,2,11:40 PM,3:04,,,Foye S.FOUL (P2.PN),,,5,200751,Randy Foye,1610612762.0,Utah,Jazz,UTA,4,202702,Kenneth Faried,1610612743.0,Denver,Nuggets,DEN,1,0,,,,,,0
0021200079,267,3,11,2,11:40 PM,3:04,Faried Free Throw 1 of 2 (13 PTS),,,38 - 46,8,4,202702,Kenneth Faried,1610612743.0,Denver,Nuggets,DEN,0,0,,,,,,0,0,,,,,,0
0021200079,269,3,12,2,11:41 PM,3:04,Faried Free Throw 2 of 2 (14 PTS),,,38 - 47,9,4,202702,Kenneth Faried,1610612743.0,Denver,Nuggets,DEN,0,0,,,,,,0,0,,,,,,0
0021200079,271,2,42,2,11:41 PM,2:52,Gallinari BLOCK (1 BLK),,MISS Williams 2' Driving Layup,,,5,101107,Marvin Williams,1610612762.0,Utah,Jazz,UTA,0,0,,,,,,4,201568,Danilo Gallinari,1610612743.0,Denver,Nuggets,DEN,0
0021200079,272,4,0,2,11:41 PM,2:50,Faried REBOUND (Off:4 Def:3),,,,,4,202702,Kenneth Faried,1610612743.0,Denver,Nuggets,DEN,0,0,,,,,,0,0,,,,,,0
0021200079,273,2,1,2,11:41 PM,2:42,MISS Gallinari 18' Jump Shot,,,,,4,201568,Danilo Gallinari,1610612743.0,Denver,Nuggets,DEN,0,0,,,,,,0,0,,,,,,0
0021200079,274,4,0,2,11:41 PM,2:40,,,Jefferson REBOUND (Off:3 Def:5),,,5,2744,Al Jefferson,1610612762.0,Utah,Jazz,UTA,0,0,,,,,,0,0,,,,,,0
0021200079,275,9,1,2,11:41 PM,2:25,NUGGETS Timeout: Regular (Full 2 Short 0),,,,,2,1610612743,,,,,,0,0,,,,,,0,0,,,,,,0
0021200079,280,5,2,2,11:45 PM,2:25,Koufos STEAL (2 STL),,Millsap Lost Ball Turnover (P2.T9),,,5,200794,Paul Millsap,1610612762.0,Utah,Jazz,UTA,4,201585,Kosta Koufos,1610612743.0,Denver,Nuggets,DEN,0,0,,,,,,0
0021200079,279,10,0,2,11:45 PM,2:25,Jump Ball Koufos vs. Millsap: Tip to Faried,,,,,4,201585,Kosta Koufos,1610612743.0,Denver,Nuggets,DEN,5,200794,Paul Millsap,1610612762.0,Utah,Jazz,UTA,4,202702,Kenneth Faried,1610612743.0,Denver,Nuggets,DEN,0
0021200079,281,1,5,2,11:45 PM,2:18,Lawson 2' Layup (7 PTS) (Faried 1 AST),,,38 - 49,11,4,201951,Ty Lawson,1610612743.0,Denver,Nuggets,DEN,4,202702,Kenneth Faried,1610612743.0,Denver,Nuggets,DEN,0,0,,,,,,0
0021200079,282,6,1,2,11:45 PM,2:08,Koufos P.FOUL (P2.T4),,,,,4,201585,Kosta Koufos,1610612743.0,Denver,Nuggets,DEN,5,2744,Al Jefferson,1610612762.0,Utah,Jazz,UTA,1,0,,,,,,0
0021200079,283,8,0,2,11:45 PM,2:08,SUB: McGee FOR Koufos,,,,,4,201585,Kosta Koufos,1610612743.0,Denver,Nuggets,DEN,4,201580,JaVale McGee,1610612743.0,Denver,Nuggets,DEN,0,0,,,,,,0
0021200079,284,2,1,2,11:46 PM,1:54,,,MISS Williams 26' 3PT Jump Shot,,,5,2590,Mo Williams,1610612762.0,Utah,Jazz,UTA,0,0,,,,,,0,0,,,,,,0
0021200079,286,4,0,2,11:46 PM,1:54,NUGGETS Rebound,,,,,2,1610612743,,,,,,0,0,,,,,,0,0,,,,,,0
0021200079,285,10,0,2,11:46 PM,1:54,Jump Ball Faried vs. Millsap: Tip to McGee,,,,,4,202702,Kenneth Faried,1610612743.0,Denver,Nuggets,DEN,5,200794,Paul Millsap,1610612762.0,Utah,Jazz,UTA,4,201580,JaVale McGee,1610612743.0,Denver,Nuggets,DEN,0
0021200079,287,2,1,2,11:46 PM,1:32,MISS Iguodala  3PT Jump Shot,,,,,4,2738,Andre Iguodala,1610612743.0,Denver,Nuggets,DEN,0,0,,,,,,0,0,,,,,,0
0021200079,288,4,0,2,11:46 PM,1:31,,,Jefferson REBOUND (Off:3 Def:6),,,5,2744,Al Jefferson,1610612762.0,Utah,Jazz,UTA,0,0,,,,,,0,0,,,,,,0
0021200079,289,2,1,2,11:47 PM,1:12,,,MISS Foye 22' Jump Shot,,,5,200751,Randy Foye,1610612762.0,Utah,Jazz,UTA,0,0,,,,,,0,0,,,,,,0
0021200079,290,4,0,2,11:47 PM,1:11,Faried REBOUND (Off:4 Def:4),,,,,4,202702,Kenneth Faried,1610612743.0,Denver,Nuggets,DEN,0,0,,,,,,0,0,,,,,,0
0021200079,291,1,42,2,11:47 PM,0:53,Lawson 2' Driving Layup (9 PTS),,,38 - 51,13,4,201951,Ty Lawson,1610612743.0,Denver,Nuggets,DEN,0,0,,,,,,0,0,,,,,,0
0021200079,292,5,2,2,11:47 PM,0:37,Lawson STEAL (3 STL),,Jefferson Lost Ball Turnover (P2.T10),,,5,2744,Al Jefferson,1610612762.0,Utah,Jazz,UTA,4,201951,Ty Lawson,1610612743.0,Denver,Nuggets,DEN,0,0,,,,,,0
0021200079,293,5,1,2,11:47 PM,0:34,Lawson Bad Pass Turnover (P1.T4),,,,,4,201951,Ty Lawson,1610612743.0,Denver,Nuggets,DEN,0,0,,,,,,1,0,,,,,,0
0021200079,294,5,2,2,11:48 PM,0:27,McGee STEAL (1 STL),,Williams Lost Ball Turnover (P3.T11),,,5,2590,Mo Williams,1610612762.0,Utah,Jazz,UTA,4,201580,JaVale McGee,1610612743.0,Denver,Nuggets,DEN,0,0,,,,,,0
0021200079,295,1,52,2,11:48 PM,0:23,Iguodala 2' Alley Oop Dunk (8 PTS) (Gallinari 3 AST),,,38 - 53,15,4,2738,Andre Iguodala,1610612743.0,Denver,Nuggets,DEN,4,201568,Danilo Gallinari,1610612743.0,Denver,Nuggets,DEN,0,0,,,,,,0
0021200079,297,8,0,2,11:49 PM,0:01,SUB: Brewer FOR Gallinari,,,,,4,201568,Danilo Gallinari,1610612743.0,Denver,Nuggets,DEN,4,201147,Corey Brewer,1610612743.0,Denver,Nuggets,DEN,0,0,,,,,,0
0021200079,298,2,1,2,11:49 PM,0:01,McGee BLOCK (1 BLK),,MISS Jefferson 19' Jump Shot,,,5,2744,Al Jefferson,1610612762.0,Utah,Jazz,UTA,0,0,,,,,,4,201580,JaVale McGee,1610612743.0,Denver,Nuggets,DEN,0
0021200079,299,4,0,2,11:49 PM,0:00,McGee REBOUND (Off:1 Def:4),,,,,4,201580,JaVale McGee,1610612743.0,Denver,Nuggets,DEN,0,0,,,,,,0,0,,,,,,0
0021200079,300,13,0,2,11:49 PM,0:00,,End of 2nd Period (11:49 PM EST),,38 - 53,15,0,0,,,,,,0,0,,,,,,0,0,,,,,,0
0021200079,302,12,0,3,12:07 AM,12:00,,Start of 3rd Period (12:07 AM EST),,38 - 53,15,0,0,,,,,,0,0,,,,,,0,0,,,,,,0
0021200079,303,5,1,3,12:07 AM,11:43,Iguodala STEAL (1 STL),,Hayward Bad Pass Turnover (P1.T12),,,5,202330,Gordon Hayward,1610612762.0,Utah,Jazz,UTA,4,2738,Andre Iguodala,1610612743.0,Denver,Nuggets,DEN,0,0,,,,,,0
0021200079,304,2,1,3,12:07 AM,11:40,MISS Iguodala 3' Jump Shot,,Hayward BLOCK (1 BLK),,,4,2738,Andre Iguodala,1610612743.0,Denver,Nuggets,DEN,0,0,,,,,,5,202330,Gordon Hayward,1610612762.0,Utah,Jazz,UTA,0
0021200079,305,4,0,3,12:07 AM,11:39,NUGGETS Rebound,,,,,2,1610612743,,,,,,0,0,,,,,,0,0,,,,,,0
0021200079,307,2,1,3,12:08 AM,11:26,MISS Lawson 21' Jump Shot,,,,,4,201951,Ty Lawson,1610612743.0,Denver,Nuggets,DEN,0,0,,,,,,0,0,,,,,,0
0021200079,308,4,0,3,12:08 AM,11:25,,,Jazz Rebound,,,3,1610612762,,,,,,0,0,,,,,,0,0,,,,,,0
0021200079,310,2,1,3,12:08 AM,11:04,,,MISS Millsap 7' Jump Shot,,,5,200794,Paul Millsap,1610612762.0,Utah,Jazz,UTA,0,0,,,,,,0,0,,,,,,0
0021200079,443,4,0,3,12:08 AM,11:03,,,Jefferson REBOUND (Off:4 Def:6),,,5,2744,Al Jefferson,1610612762.0,Utah,Jazz,UTA,0,0,,,,,,0,0,,,,,,0
0021200079,444,2,53,3,12:08 AM,11:03,,,MISS Jefferson 1' Tip Shot,,,5,2744,Al Jefferson,1610612762.0,Utah,Jazz,UTA,0,0,,,,,,0,0,,,,,,0
0021200079,311,4,0,3,12:08 AM,11:02,Faried REBOUND (Off:4 Def:5),,,,,4,202702,Kenneth Faried,1610612743.0,Denver,Nuggets,DEN,0,0,,,,,,0,0,,,,,,0
0021200079,312,6,2,3,12:09 AM,10:52,,,Jefferson S.FOUL (P1.T1),,,5,2744,Al Jefferson,1610612762.0,Utah,Jazz,UTA,4,202702,Kenneth Faried,1610612743.0,Denver,Nuggets,DEN,1,0,,,,,,0
0021200079,313,3,11,3,12:09 AM,10:52,Faried Free Throw 1 of 2 (15 PTS),,,38 - 54,16,4,202702,Kenneth Faried,1610612743.0,Denver,Nuggets,DEN,0,0,,,,,,0,0,,,,,,0
0021200079,315,3,12,3,12:09 AM,10:52,Faried Free Throw 2 of 2 (16 PTS),,,38 - 55,17,4,202702,Kenneth Faried,1610612743.0,Denver,Nuggets,DEN,0,0,,,,,,0,0,,,,,,0
0021200079,317,1,1,3,12:09 AM,10:36,,,Millsap 19' Jump Shot (8 PTS) (Hayward 1 AST),40 - 55,15,5,200794,Paul Millsap,1610612762.0,Utah,Jazz,UTA,5,202330,Gordon Hayward,1610612762.0,Utah,Jazz,UTA,0,0,,,,,,0
0021200079,318,9,2,3,12:10 AM,10:15,NUGGETS Timeout: Short (Full 2 Short 1),,,,,2,1610612743,,,,,,0,0,,,,,,0,0,,,,,,0
0021200079,322,2,63,3,12:11 AM,10:07,MISS Gallinari 2' Fadeaway Jumper,,,,,4,201568,Danilo Gallinari,1610612743.0,Denver,Nuggets,DEN,0,0,,,,,,0,0,,,,,,0
0021200079,324,4,0,3,12:11 AM,10:04,Koufos REBOUND (Off:4 Def:2),,,,,4,201585,Kosta Koufos,1610612743.0,Denver,Nuggets,DEN,0,0,,,,,,0,0,,,,,,0
0021200079,323,1,4,3,12:11 AM,10:04,Koufos 1' Tip Shot (8 PTS),,,40 - 57,17,4,201585,Kosta Koufos,1610612743.0,Denver,Nuggets,DEN,0,0,,,,,,0,0,,,,,,0
0021200079,325,2,1,3,12:11 AM,9:47,,,MISS Williams 26' 3PT Jump Shot,,,5,2590,Mo Williams,1610612762.0,Utah,Jazz,UTA,0,0,,,,,,0,0,,,,,,0
0021200079,326,4,0,3,12:11 AM,9:46,Gallinari REBOUND (Off:0 Def:3),,,,,4,201568,Danilo Gallinari,1610612743.0,Denver,Nuggets,DEN,0,0,,,,,,0,0,,,,,,0
0021200079,327,2,1,3,12:11 AM,9:40,MISS Iguodala 25' 3PT Jump Shot,,,,,4,2738,Andre Iguodala,1610612743.0,Denver,Nuggets,DEN,0,0,,,,,,0,0,,,,,,0
0021200079,328,4,0,3,12:11 AM,9:38,,,Millsap REBOUND (Off:0 Def:3),,,5,200794,Paul Millsap,1610612762.0,Utah,Jazz,UTA,0,0,,,,,,0,0,,,,,,0
0021200079,329,6,4,3,12:12 AM,9:34,,,Williams OFF.Foul (P2),,,5,101107,Marvin Williams,1610612762.0,Utah,Jazz,UTA,4,201568,Danilo Gallinari,1610612743.0,Denver,Nuggets,DEN,1,0,,,,,,0
0021200079,330,5,5,3,12:12 AM,9:34,,,Williams Foul Turnover (P1.T13),,,5,101107,Marvin Williams,1610612762.0,Utah,Jazz,UTA,0,0,,,,,,1,0,,,,,,0
0021200079,331,1,63,3,12:12 AM,9:14,Iguodala 17' Fadeaway Jumper (10 PTS),,,40 - 59,19,4,2738,Andre Iguodala,1610612743.0,Denver,Nuggets,DEN,0,0,,,,,,0,0,,,,,,0
0021200079,332,2,1,3,12:12 AM,8:49,Koufos BLOCK (3 BLK),,MISS Jefferson 13' Jump Shot,,,5,2744,Al Jefferson,1610612762.0,Utah,Jazz,UTA,0,0,,,,,,4,201585,Kosta Koufos,1610612743.0,Denver,Nuggets,DEN,0
0021200079,333,4,0,3,12:12 AM,8:48,Koufos REBOUND (Off:4 Def:3),,,,,4,201585,Kosta Koufos,1610612743.0,Denver,Nuggets,DEN,0,0,,,,,,0,0,,,,,,0
0021200079,334,5,1,3,12:13 AM,8:45,Lawson Bad Pass Turnover (P2.T5),,,,,4,201951,Ty Lawson,1610612743.0,Denver,Nuggets,DEN,0,0,,,,,,1,0,,,,,,0
0021200079,335,1,1,3,12:13 AM,8:33,,,Millsap 20' Jump Shot (10 PTS) (Williams 3 AST),42 - 59,17,5,200794,Paul Millsap,1610612762.0,Utah,Jazz,UTA,5,2590,Mo Williams,1610612762.0,Utah,Jazz,UTA,0,0,,,,,,0
0021200079,336,2,42,3,12:13 AM,8:23,MISS Lawson 2' Driving Layup,,,,,4,201951,Ty Lawson,1610612743.0,Denver,Nuggets,DEN,0,0,,,,,,0,0,,,,,,0
0021200079,337,4,0,3,12:13 AM,8:22,,,Williams REBOUND (Off:0 Def:1),,,5,2590,Mo Williams,1610612762.0,Utah,Jazz,UTA,0,0,,,,,,0,0,,,,,,0
0021200079,338,5,39,3,12:13 AM,8:19,,,Williams Step Out of Bounds Turnover (P4.T14),,,5,2590,Mo Williams,1610612762.0,Utah,Jazz,UTA,0,0,,,,,,1,0,,,,,,0
0021200079,339,1,5,3,12:14 AM,7:59,Faried 2' Layup (18 PTS) (Gallinari 4 AST),,,42 - 61,19,4,202702,Kenneth Faried,1610612743.0,Denver,Nuggets,DEN,4,201568,Danilo Gallinari,1610612743.0,Denver,Nuggets,DEN,0,0,,,,,,0
0021200079,340,2,1,3,12:14 AM,7:38,,,MISS Williams 25' 3PT Jump Shot,,,5,101107,Marvin Williams,1610612762.0,Utah,Jazz,UTA,0,0,,,,,,0,0,,,,,,0
0021200079,341,4,0,3,12:14 AM,7:37,Iguodala REBOUND (Off:0 Def:6),,,,,4,2738,Andre Iguodala,1610612743.0,Denver,Nuggets,DEN,0,0,,,,,,0,0,,,,,,0
0021200079,346,2,46,3,12:16 AM,7:21,MISS Faried 10' Running Jump Shot,,,,,4,202702,Kenneth Faried,1610612743.0,Denver,Nuggets,DEN,0,0,,,,,,0,0,,,,,,0
0021200079,347,4,0,3,12:16 AM,7:20,,,Williams REBOUND (Off:0 Def:2),,,5,2590,Mo Williams,1610612762.0,Utah,Jazz,UTA,0,0,,,,,,0,0,,,,,,0
0021200079,348,1,44,3,12:16 AM,7:13,,,Hayward 1' Reverse Layup (5 PTS) (Williams 4 AST),44 - 61,17,5,202330,Gordon Hayward,1610612762.0,Utah,Jazz,UTA,5,2590,Mo Williams,1610612762.0,Utah,Jazz,UTA,0,0,,,,,,0
0021200079,349,6,2,3,12:16 AM,6:56,,,Millsap S.FOUL (P3.T2),,,5,200794,Paul Millsap,1610612762.0,Utah,Jazz,UTA,4,201585,Kosta Koufos,1610612743.0,Denver,Nuggets,DEN,1,0,,,,,,0
0021200079,350,3,11,3,12:17 AM,6:56,Koufos Free Throw 1 of 2 (9 PTS),,,44 - 62,18,4,201585,Kosta Koufos,1610612743.0,Denver,Nuggets,DEN,0,0,,,,,,0,0,,,,,,0
0021200079,352,3,12,3,12:17 AM,6:56,MISS Koufos Free Throw 2 of 2,,,,,4,201585,Kosta Koufos,1610612743.0,Denver,Nuggets,DEN,0,0,,,,,,0,0,,,,,,0
0021200079,354,4,0,3,12:17 AM,6:54,,,Jefferson REBOUND (Off:4 Def:7),,,5,2744,Al Jefferson,1610612762.0,Utah,Jazz,UTA,0,0,,,,,,0,0,,,,,,0
0021200079,355,2,7,3,12:17 AM,6:39,Faried BLOCK (2 BLK),,MISS Jefferson 1' Dunk,,,5,2744,Al Jefferson,1610612762.0,Utah,Jazz,UTA,0,0,,,,,,4,202702,Kenneth Faried,1610612743.0,Denver,Nuggets,DEN,0
0021200079,356,4,0,3,12:17 AM,6:37,Iguodala REBOUND (Off:0 Def:7),,,,,4,2738,Andre Iguodala,1610612743.0,Denver,Nuggets,DEN,0,0,,,,,,0,0,,,,,,0
0021200079,357,1,65,3,12:17 AM,6:26,Koufos 7' Jump Hook Shot (11 PTS) (Faried 2 AST),,,44 - 64,20,4,201585,Kosta Koufos,1610612743.0,Denver,Nuggets,DEN,4,202702,Kenneth Faried,1610612743.0,Denver,Nuggets,DEN,0,0,,,,,,0
0021200079,358,1,1,3,12:18 AM,6:11,,,Hayward 24' 3PT Jump Shot (8 PTS) (Millsap 1 AST),47 - 64,17,5,202330,Gordon Hayward,1610612762.0,Utah,Jazz,UTA,5,200794,Paul Millsap,1610612762.0,Utah,Jazz,UTA,0,0,,,,,,0
0021200079,359,1,1,3,12:18 AM,5:55,Koufos 4' Jump Shot (13 PTS) (Iguodala 1 AST),,,47 - 66,19,4,201585,Kosta Koufos,1610612743.0,Denver,Nuggets,DEN,4,2738,Andre Iguodala,1610612743.0,Denver,Nuggets,DEN,0,0,,,,,,0
0021200079,360,9,1,3,12:18 AM,5:52,,,Jazz Timeout: Regular (Reg.3 Short 0),,,3,1610612762,,,,,,0,0,,,,,,0,0,,,,,,0
0021200079,362,8,0,3,12:21 AM,5:52,,,SUB: Favors FOR Jefferson,,,5,2744,Al Jefferson,1610612762.0,Utah,Jazz,UTA,5,202324,Derrick Favors,1610612762.0,Utah,Jazz,UTA,0,0,,,,,,0
0021200079,364,6,2,3,12:21 AM,5:40,Koufos S.FOUL (P3.T1),,,,,4,201585,Kosta Koufos,1610612743.0,Denver,Nuggets,DEN,5,200794,Paul Millsap,1610612762.0,Utah,Jazz,UTA,1,0,,,,,,0
0021200079,365,3,11,3,12:22 AM,5:40,,,Millsap Free Throw 1 of 2 (11 PTS),48 - 66,18,5,200794,Paul Millsap,1610612762.0,Utah,Jazz,UTA,0,0,,,,,,0,0,,,,,,0
0021200079,367,3,12,3,12:22 AM,5:40,,,MISS Millsap Free Throw 2 of 2,,,5,200794,Paul Millsap,1610612762.0,Utah,Jazz,UTA,0,0,,,,,,0,0,,,,,,0
0021200079,369,4,0,3,12:22 AM,5:38,Gallinari REBOUND (Off:0 Def:4),,,,,4,201568,Danilo Gallinari,1610612743.0,Denver,Nuggets,DEN,0,0,,,,,,0,0,,,,,,0
0021200079,370,1,1,3,12:22 AM,5:14,Iguodala 24' 3PT Jump Shot (13 PTS) (Lawson 6 AST),,,48 - 69,21,4,2738,Andre Iguodala,1610612743.0,Denver,Nuggets,DEN,4,201951,Ty Lawson,1610612743.0,Denver,Nuggets,DEN,0,0,,,,,,0
0021200079,371,6,1,3,12:23 AM,4:58,Gallinari P.FOUL (P3.T2),,,,,4,201568,Danilo Gallinari,1610612743.0,Denver,Nuggets,DEN,5,101107,Marvin Williams,1610612762.0,Utah,Jazz,UTA,1,0,,,,,,0
0021200079,372,2,1,3,12:23 AM,4:44,,,MISS Williams  3PT Jump Shot,,,5,101107,Marvin Williams,1610612762.0,Utah,Jazz,UTA,0,0,,,,,,0,0,,,,,,0
0021200079,373,4,0,3,12:23 AM,4:42,Faried REBOUND (Off:4 Def:6),,,,,4,202702,Kenneth Faried,1610612743.0,Denver,Nuggets,DEN,0,0,,,,,,0,0,,,,,,0
0021200079,374,2,46,3,12:23 AM,4:36,MISS Iguodala 6' Running Jump Shot,,,,,4,2738,Andre Iguodala,1610612743.0,Denver,Nuggets,DEN,0,0,,,,,,0,0,,,,,,0
0021200079,375,4,0,3,12:23 AM,4:33,,,Hayward REBOUND (Off:0 Def:1),,,5,202330,Gordon Hayward,1610612762.0,Utah,Jazz,UTA,0,0,,,,,,0,0,,,,,,0
0021200079,376,1,42,3,12:23 AM,4:30,,,Hayward 2' Driving Layup (10 PTS),50 - 69,19,5,202330,Gordon Hayward,1610612762.0,Utah,Jazz,UTA,0,0,,,,,,0,0,,,,,,0
0021200079,377,6,2,3,12:23 AM,4:30,Koufos S.FOUL (P4.T3),,,,,4,201585,Kosta Koufos,1610612743.0,Denver,Nuggets,DEN,5,202330,Gordon Hayward,1610612762.0,Utah,Jazz,UTA,1,0,,,,,,0
0021200079,378,8,0,3,12:24 AM,4:30,SUB: McGee FOR Koufos,,,,,4,201585,Kosta Koufos,1610612743.0,Denver,Nuggets,DEN,4,201580,JaVale McGee,1610612743.0,Denver,Nuggets,DEN,0,0,,,,,,0
0021200079,379,3,10,3,12:24 AM,4:30,,,Hayward Free Throw 1 of 1 (11 PTS),51 - 69,18,5,202330,Gordon Hayward,1610612762.0,Utah,Jazz,UTA,0,0,,,,,,0,0,,,,,,0
0021200079,381,2,1,3,12:24 AM,4:15,MISS Gallinari 26' 3PT Jump Shot,,,,,4,201568,Danilo Gallinari,1610612743.0,Denver,Nuggets,DEN,0,0,,,,,,0,0,,,,,,0
0021200079,382,4,0,3,12:24 AM,4:13,,,Millsap REBOUND (Off:0 Def:4),,,5,200794,Paul Millsap,1610612762.0,Utah,Jazz,UTA,0,0,,,,,,0,0,,,,,,0
0021200079,384,8,0,3,12:25 AM,4:09,,,SUB: Foye FOR Williams,,,5,101107,Marvin Williams,1610612762.0,Utah,Jazz,UTA,5,200751,Randy Foye,1610612762.0,Utah,Jazz,UTA,0,0,,,,,,0
0021200079,385,2,1,3,12:25 AM,4:03,,,MISS Favors 21' Jump Shot,,,5,202324,Derrick Favors,1610612762.0,Utah,Jazz,UTA,0,0,,,,,,0,0,,,,,,0
0021200079,386,4,0,3,12:25 AM,4:02,Lawson REBOUND (Off:0 Def:2),,,,,4,201951,Ty Lawson,1610612743.0,Denver,Nuggets,DEN,0,0,,,,,,0,0,,,,,,0
0021200079,387,1,8,3,12:25 AM,3:56,McGee  Slam Dunk (4 PTS) (Lawson 7 AST),,,51 - 71,20,4,201580,JaVale McGee,1610612743.0,Denver,Nuggets,DEN,4,201951,Ty Lawson,1610612743.0,Denver,Nuggets,DEN,0,0,,,,,,0
0021200079,388,1,1,3,12:25 AM,3:48,,,Hayward 14' Jump Shot (13 PTS),53 - 71,18,5,202330,Gordon Hayward,1610612762.0,Utah,Jazz,UTA,0,0,,,,,,0,0,,,,,,0
0021200079,389,6,2,3,12:25 AM,3:45,,,Williams S.FOUL (P3.T3),,,5,2590,Mo Williams,1610612762.0,Utah,Jazz,UTA,4,201951,Ty Lawson,1610612743.0,Denver,Nuggets,DEN,1,0,,,,,,0
0021200079,390,3,11,3,12:26 AM,3:45,MISS Lawson Free Throw 1 of 2,,,,,4,201951,Ty Lawson,1610612743.0,Denver,Nuggets,DEN,0,0,,,,,,0,0,,,,,,0
0021200079,391,4,1,3,12:26 AM,3:45,NUGGETS Rebound,,,,,2,1610612743,,,,,,0,0,,,,,,0,0,,,,,,0
0021200079,392,8,0,3,12:26 AM,3:45,,,SUB: Tinsley FOR Williams,,,5,2590,Mo Williams,1610612762.0,Utah,Jazz,UTA,5,2224,Jamaal Tinsley,1610612762.0,Utah,Jazz,UTA,0,0,,,,,,0
0021200079,393,3,12,3,12:26 AM,3:45,MISS Lawson Free Throw 2 of 2,,,,,4,201951,Ty Lawson,1610612743.0,Denver,Nuggets,DEN,0,0,,,,,,0,0,,,,,,0
0021200079,395,4,0,3,12:26 AM,3:43,,,Jazz Rebound,,,3,1610612762,,,,,,0,0,,,,,,0,0,,,,,,0
0021200079,398,2,1,3,12:26 AM,3:25,,,MISS Tinsley  3PT Jump Shot,,,5,2224,Jamaal Tinsley,1610612762.0,Utah,Jazz,UTA,0,0,,,,,,0,0,,,,,,0
0021200079,399,4,0,3,12:26 AM,3:25,NUGGETS Rebound,,,,,2,1610612743,,,,,,0,0,,,,,,0,0,,,,,,0
0021200079,401,2,5,3,12:27 AM,3:01,MISS Gallinari 2' Layup,,Favors BLOCK (5 BLK),,,4,201568,Danilo Gallinari,1610612743.0,Denver,Nuggets,DEN,0,0,,,,,,5,202324,Derrick Favors,1610612762.0,Utah,Jazz,UTA,0
0021200079,402,4,0,3,12:27 AM,3:00,,,Tinsley REBOUND (Off:0 Def:3),,,5,2224,Jamaal Tinsley,1610612762.0,Utah,Jazz,UTA,0,0,,,,,,0,0,,,,,,0
0021200079,403,1,52,3,12:27 AM,2:55,,,Hayward 2' Alley Oop Dunk (15 PTS) (Foye 1 AST),55 - 71,16,5,202330,Gordon Hayward,1610612762.0,Utah,Jazz,UTA,5,200751,Randy Foye,1610612762.0,Utah,Jazz,UTA,0,0,,,,,,0
0021200079,404,9,1,3,12:27 AM,2:48,NUGGETS Timeout: Regular (Full 3 Short 1),,,,,2,1610612743,,,,,,0,0,,,,,,0,0,,,,,,0
0021200079,407,8,0,3,12:30 AM,2:48,SUB: Miller FOR Faried,,,,,4,202702,Kenneth Faried,1610612743.0,Denver,Nuggets,DEN,4,1889,Andre Miller,1610612743.0,Denver,Nuggets,DEN,0,0,,,,,,0
0021200079,408,8,0,3,12:30 AM,2:48,SUB: Mozgov FOR Lawson,,,,,4,201951,Ty Lawson,1610612743.0,Denver,Nuggets,DEN,4,202389,Timofey Mozgov,1610612743.0,Denver,Nuggets,DEN,0,0,,,,,,0
0021200079,410,2,66,3,12:31 AM,2:29,MISS Gallinari 16' Jump Bank Shot,,,,,4,201568,Danilo Gallinari,1610612743.0,Denver,Nuggets,DEN,0,0,,,,,,0,0,,,,,,0
0021200079,411,4,0,3,12:31 AM,2:28,Mozgov REBOUND (Off:1 Def:0),,,,,4,202389,Timofey Mozgov,1610612743.0,Denver,Nuggets,DEN,0,0,,,,,,0,0,,,,,,0
0021200079,412,1,47,3,12:31 AM,2:16,Iguodala 12' Turnaround Jump Shot (15 PTS),,,55 - 73,18,4,2738,Andre Iguodala,1610612743.0,Denver,Nuggets,DEN,0,0,,,,,,0,0,,,,,,0
0021200079,413,5,1,3,12:31 AM,2:02,Mozgov STEAL (1 STL),,Hayward Bad Pass Turnover (P2.T15),,,5,202330,Gordon Hayward,1610612762.0,Utah,Jazz,UTA,4,202389,Timofey Mozgov,1610612743.0,Denver,Nuggets,DEN,0,0,,,,,,0
0021200079,414,2,1,3,12:31 AM,1:55,MISS Gallinari 24' 3PT Jump Shot,,,,,4,201568,Danilo Gallinari,1610612743.0,Denver,Nuggets,DEN,0,0,,,,,,0,0,,,,,,0
0021200079,415,4,0,3,12:31 AM,1:53,,,Favors REBOUND (Off:2 Def:3),,,5,202324,Derrick Favors,1610612762.0,Utah,Jazz,UTA,0,0,,,,,,0,0,,,,,,0
0021200079,416,2,1,3,12:32 AM,1:45,,,MISS Millsap 16' Jump Shot,,,5,200794,Paul Millsap,1610612762.0,Utah,Jazz,UTA,0,0,,,,,,0,0,,,,,,0
0021200079,417,4,0,3,12:32 AM,1:44,Gallinari REBOUND (Off:0 Def:5),,,,,4,201568,Danilo Gallinari,1610612743.0,Denver,Nuggets,DEN,0,0,,,,,,0,0,,,,,,0
0021200079,418,2,5,3,12:32 AM,1:35,MISS Miller 1' Layup,,,,,4,1889,Andre Miller,1610612743.0,Denver,Nuggets,DEN,0,0,,,,,,0,0,,,,,,0
0021200079,419,4,0,3,12:32 AM,1:34,,,Millsap REBOUND (Off:0 Def:5),,,5,200794,Paul Millsap,1610612762.0,Utah,Jazz,UTA,0,0,,,,,,0,0,,,,,,0
0021200079,420,2,1,3,12:32 AM,1:26,Mozgov BLOCK (1 BLK),,MISS Tinsley 4' Jump Shot,,,5,2224,Jamaal Tinsley,1610612762.0,Utah,Jazz,UTA,0,0,,,,,,4,202389,Timofey Mozgov,1610612743.0,Denver,Nuggets,DEN,0
0021200079,421,4,0,3,12:32 AM,1:24,Gallinari REBOUND (Off:0 Def:6),,,,,4,201568,Danilo Gallinari,1610612743.0,Denver,Nuggets,DEN,0,0,,,,,,0,0,,,,,,0
0021200079,422,6,1,3,12:32 AM,1:23,,,Foye P.FOUL (P3.T4),,,5,200751,Randy Foye,1610612762.0,Utah,Jazz,UTA,4,2738,Andre Iguodala,1610612743.0,Denver,Nuggets,DEN,1,0,,,,,,0
0021200079,423,8,0,3,12:32 AM,1:23,,,SUB: Kanter FOR Millsap,,,5,200794,Paul Millsap,1610612762.0,Utah,Jazz,UTA,5,202683,Enes Kanter,1610612762.0,Utah,Jazz,UTA,0,0,,,,,,0
0021200079,424,8,0,3,12:32 AM,1:23,SUB: Brewer FOR Gallinari,,,,,4,201568,Danilo Gallinari,1610612743.0,Denver,Nuggets,DEN,4,201147,Corey Brewer,1610612743.0,Denver,Nuggets,DEN,0,0,,,,,,0
0021200079,425,2,48,3,12:33 AM,1:17,MISS McGee 3' Dunk,,Kanter BLOCK (2 BLK),,,4,201580,JaVale McGee,1610612743.0,Denver,Nuggets,DEN,0,0,,,,,,5,202683,Enes Kanter,1610612762.0,Utah,Jazz,UTA,0
0021200079,426,4,0,3,12:33 AM,1:16,,,Favors REBOUND (Off:2 Def:4),,,5,202324,Derrick Favors,1610612762.0,Utah,Jazz,UTA,0,0,,,,,,0,0,,,,,,0
0021200079,427,2,46,3,12:33 AM,1:11,,,MISS Foye 7' Running Jump Shot,,,5,200751,Randy Foye,1610612762.0,Utah,Jazz,UTA,0,0,,,,,,0,0,,,,,,0
0021200079,428,4,0,3,12:33 AM,1:10,Mozgov REBOUND (Off:1 Def:1),,,,,4,202389,Timofey Mozgov,1610612743.0,Denver,Nuggets,DEN,0,0,,,,,,0,0,,,,,,0
0021200079,429,2,1,3,12:33 AM,0:58,MISS Mozgov 6' Jump Shot,,,,,4,202389,Timofey Mozgov,1610612743.0,Denver,Nuggets,DEN,0,0,,,,,,0,0,,,,,,0
0021200079,430,4,0,3,12:33 AM,0:57,,,Jazz Rebound,,,3,1610612762,,,,,,0,0,,,,,,0,0,,,,,,0
0021200079,433,5,41,3,12:33 AM,0:52,,,Tinsley Poss Lost Ball Turnover (P2.T16),,,5,2224,Jamaal Tinsley,1610612762.0,Utah,Jazz,UTA,0,0,,,,,,1,0,,,,,,0
0021200079,434,2,1,3,12:34 AM,0:31,MISS McGee 18' Jump Shot,,,,,4,201580,JaVale McGee,1610612743.0,Denver,Nuggets,DEN,0,0,,,,,,0,0,,,,,,0
0021200079,435,4,0,3,12:34 AM,0:30,,,Jazz Rebound,,,3,1610612762,,,,,,0,0,,,,,,0,0,,,,,,0
0021200079,437,1,1,3,12:34 AM,0:09,,,Kanter 20' Jump Shot (8 PTS) (Foye 2 AST),57 - 73,16,5,202683,Enes Kanter,1610612762.0,Utah,Jazz,UTA,5,200751,Randy Foye,1610612762.0,Utah,Jazz,UTA,0,0,,,,,,0
0021200079,438,5,12,3,12:34 AM,0:09,McGee Inbound Turnover (P1.T6),,,,,4,201580,JaVale McGee,1610612743.0,Denver,Nuggets,DEN,0,0,,,,,,1,0,,,,,,0
0021200079,439,2,1,3,12:35 AM,0:03,,,MISS Foye 26' 3PT Jump Shot,,,5,200751,Randy Foye,1610612762.0,Utah,Jazz,UTA,0,0,,,,,,0,0,,,,,,0
0021200079,440,4,0,3,12:35 AM,0:00,Brewer REBOUND (Off:0 Def:1),,,,,4,201147,Corey Brewer,1610612743.0,Denver,Nuggets,DEN,0,0,,,,,,0,0,,,,,,0
0021200079,441,13,0,3,12:35 AM,0:00,,End of 3rd Period (12:35 AM EST),,57 - 73,16,0,0,,,,,,0,0,,,,,,0,0,,,,,,0
0021200079,445,12,0,4,12:39 AM,12:00,,Start of 4th Period (12:39 AM EST),,57 - 73,16,0,0,,,,,,0,0,,,,,,0,0,,,,,,0
0021200079,446,2,1,4,12:39 AM,11:45,MISS Brewer 24' 3PT Jump Shot,,,,,4,201147,Corey Brewer,1610612743.0,Denver,Nuggets,DEN,0,0,,,,,,0,0,,,,,,0
0021200079,447,4,0,4,12:39 AM,11:43,Brewer REBOUND (Off:1 Def:1),,,,,4,201147,Corey Brewer,1610612743.0,Denver,Nuggets,DEN,0,0,,,,,,0,0,,,,,,0
0021200079,448,5,8,4,12:39 AM,11:32,McGee 3 Second Violation Turnover (P2.T7),,,,,4,201580,JaVale McGee,1610612743.0,Denver,Nuggets,DEN,0,0,,,,,,1,0,,,,,,0
0021200079,449,1,71,4,12:39 AM,11:22,,,Favors 1' Finger Roll Layup (7 PTS) (Tinsley 3 AST),59 - 73,14,5,202324,Derrick Favors,1610612762.0,Utah,Jazz,UTA,5,2224,Jamaal Tinsley,1610612762.0,Utah,Jazz,UTA,0,0,,,,,,0
0021200079,450,6,2,4,12:39 AM,11:22,Mozgov S.FOUL (P2.T1),,,,,4,202389,Timofey Mozgov,1610612743.0,Denver,Nuggets,DEN,5,202324,Derrick Favors,1610612762.0,Utah,Jazz,UTA,1,0,,,,,,0
0021200079,451,3,10,4,12:40 AM,11:22,,,Favors Free Throw 1 of 1 (8 PTS),60 - 73,13,5,202324,Derrick Favors,1610612762.0,Utah,Jazz,UTA,0,0,,,,,,0,0,,,,,,0
0021200079,453,1,1,4,12:40 AM,11:02,Mozgov 15' Jump Shot (2 PTS) (Fournier 1 AST),,,60 - 75,15,4,202389,Timofey Mozgov,1610612743.0,Denver,Nuggets,DEN,4,203095,Evan Fournier,1610612743.0,Denver,Nuggets,DEN,0,0,,,,,,0
0021200079,454,5,1,4,12:41 AM,10:46,Brewer STEAL (2 STL),,Tinsley Bad Pass Turnover (P3.T17),,,5,2224,Jamaal Tinsley,1610612762.0,Utah,Jazz,UTA,4,201147,Corey Brewer,1610612743.0,Denver,Nuggets,DEN,0,0,,,,,,0
0021200079,455,5,1,4,12:41 AM,10:27,Fournier Bad Pass Turnover (P1.T8),,Tinsley STEAL (1 STL),,,4,203095,Evan Fournier,1610612743.0,Denver,Nuggets,DEN,5,2224,Jamaal Tinsley,1610612762.0,Utah,Jazz,UTA,0,0,,,,,,0
0021200079,456,1,1,4,12:41 AM,10:20,,,Foye 25' 3PT Jump Shot (7 PTS) (Tinsley 4 AST),63 - 75,12,5,200751,Randy Foye,1610612762.0,Utah,Jazz,UTA,5,2224,Jamaal Tinsley,1610612762.0,Utah,Jazz,UTA,0,0,,,,,,0
0021200079,457,1,1,4,12:41 AM,10:02,Brewer  3PT Jump Shot (10 PTS) (Miller 3 AST),,,63 - 78,15,4,201147,Corey Brewer,1610612743.0,Denver,Nuggets,DEN,4,1889,Andre Miller,1610612743.0,Denver,Nuggets,DEN,0,0,,,,,,0
0021200079,458,1,42,4,12:42 AM,9:36,,,Burks 3' Driving Layup (3 PTS) (Tinsley 5 AST),65 - 78,13,5,202692,Alec Burks,1610612762.0,Utah,Jazz,UTA,5,2224,Jamaal Tinsley,1610612762.0,Utah,Jazz,UTA,0,0,,,,,,0
0021200079,459,1,1,4,12:42 AM,9:32,Brewer  3PT Jump Shot (13 PTS) (Miller 4 AST),,,65 - 81,16,4,201147,Corey Brewer,1610612743.0,Denver,Nuggets,DEN,4,1889,Andre Miller,1610612743.0,Denver,Nuggets,DEN,0,0,,,,,,0
0021200079,460,6,2,4,12:42 AM,9:32,,,Burks S.FOUL (P1.T1),,,5,202692,Alec Burks,1610612762.0,Utah,Jazz,UTA,4,201147,Corey Brewer,1610612743.0,Denver,Nuggets,DEN,1,0,,,,,,0
0021200079,461,8,0,4,12:42 AM,9:32,SUB: Koufos FOR McGee,,,,,4,201580,JaVale McGee,1610612743.0,Denver,Nuggets,DEN,4,201585,Kosta Koufos,1610612743.0,Denver,Nuggets,DEN,0,0,,,,,,0
0021200079,462,3,10,4,12:42 AM,9:32,Brewer Free Throw 1 of 1 (14 PTS),,,65 - 82,17,4,201147,Corey Brewer,1610612743.0,Denver,Nuggets,DEN,0,0,,,,,,0,0,,,,,,0
0021200079,464,1,1,4,12:43 AM,9:14,,,Foye  3PT Jump Shot (10 PTS) (Tinsley 6 AST),68 - 82,14,5,200751,Randy Foye,1610612762.0,Utah,Jazz,UTA,5,2224,Jamaal Tinsley,1610612762.0,Utah,Jazz,UTA,0,0,,,,,,0
0021200079,465,1,1,4,12:43 AM,9:02,Miller 18' Jump Shot (4 PTS),,,68 - 84,16,4,1889,Andre Miller,1610612743.0,Denver,Nuggets,DEN,0,0,,,,,,0,0,,,,,,0
0021200079,466,2,1,4,12:43 AM,8:42,,,MISS Burks 18' Jump Shot,,,5,202692,Alec Burks,1610612762.0,Utah,Jazz,UTA,0,0,,,,,,0,0,,,,,,0
0021200079,467,4,0,4,12:43 AM,8:41,Koufos REBOUND (Off:4 Def:4),,,,,4,201585,Kosta Koufos,1610612743.0,Denver,Nuggets,DEN,0,0,,,,,,0,0,,,,,,0
0021200079,468,1,7,4,12:43 AM,8:28,Koufos 2' Dunk (15 PTS) (Fournier 2 AST),,,68 - 86,18,4,201585,Kosta Koufos,1610612743.0,Denver,Nuggets,DEN,4,203095,Evan Fournier,1610612743.0,Denver,Nuggets,DEN,0,0,,,,,,0
0021200079,469,2,1,4,12:44 AM,8:13,,,MISS Foye 25' 3PT Jump Shot,,,5,200751,Randy Foye,1610612762.0,Utah,Jazz,UTA,0,0,,,,,,0,0,,,,,,0
0021200079,470,4,0,4,12:44 AM,8:12,Brewer REBOUND (Off:1 Def:2),,,,,4,201147,Corey Brewer,1610612743.0,Denver,Nuggets,DEN,0,0,,,,,,0,0,,,,,,0
0021200079,471,2,3,4,12:44 AM,7:59,MISS Koufos 7' Hook Shot,,,,,4,201585,Kosta Koufos,1610612743.0,Denver,Nuggets,DEN,0,0,,,,,,0,0,,,,,,0
0021200079,472,4,0,4,12:44 AM,7:58,,,Favors REBOUND (Off:2 Def:5),,,5,202324,Derrick Favors,1610612762.0,Utah,Jazz,UTA,0,0,,,,,,0,0,,,,,,0
0021200079,473,2,5,4,12:44 AM,7:53,,,MISS Burks 2' Layup,,,5,202692,Alec Burks,1610612762.0,Utah,Jazz,UTA,0,0,,,,,,0,0,,,,,,0
0021200079,475,4,0,4,12:44 AM,7:52,,,Kanter REBOUND (Off:2 Def:2),,,5,202683,Enes Kanter,1610612762.0,Utah,Jazz,UTA,0,0,,,,,,0,0,,,,,,0
0021200079,476,7,2,4,12:44 AM,7:52,Mozgov Violation:Defensive Goaltending,,,,,4,202389,Timofey Mozgov,1610612743.0,Denver,Nuggets,DEN,0,0,,,,,,1,0,,,,,,0
0021200079,474,1,4,4,12:44 AM,7:52,,,Kanter 1' Tip Shot (10 PTS),70 - 86,16,5,202683,Enes Kanter,1610612762.0,Utah,Jazz,UTA,0,0,,,,,,0,0,,,,,,0
0021200079,477,6,2,4,12:45 AM,7:40,,,Foye S.FOUL (P4.T2),,,5,200751,Randy Foye,1610612762.0,Utah,Jazz,UTA,4,202389,Timofey Mozgov,1610612743.0,Denver,Nuggets,DEN,1,0,,,,,,0
0021200079,478,9,4,4,12:45 AM,7:40,,Timeout: Official,,,,1,0,,,,,,0,0,,,,,,0,0,,,,,,0
0021200079,482,3,11,4,12:48 AM,7:40,Mozgov Free Throw 1 of 2 (3 PTS),,,70 - 87,17,4,202389,Timofey Mozgov,1610612743.0,Denver,Nuggets,DEN,0,0,,,,,,0,0,,,,,,0
0021200079,484,3,12,4,12:48 AM,7:40,Mozgov Free Throw 2 of 2 (4 PTS),,,70 - 88,18,4,202389,Timofey Mozgov,1610612743.0,Denver,Nuggets,DEN,0,0,,,,,,0,0,,,,,,0
0021200079,486,2,1,4,12:49 AM,7:20,Mozgov BLOCK (2 BLK),,MISS Burks 6' Jump Shot,,,5,202692,Alec Burks,1610612762.0,Utah,Jazz,UTA,0,0,,,,,,4,202389,Timofey Mozgov,1610612743.0,Denver,Nuggets,DEN,0
0021200079,487,4,0,4,12:49 AM,7:19,Mozgov REBOUND (Off:1 Def:2),,,,,4,202389,Timofey Mozgov,1610612743.0,Denver,Nuggets,DEN,0,0,,,,,,0,0,,,,,,0
0021200079,488,2,1,4,12:49 AM,7:06,MISS Brewer 25' 3PT Jump Shot,,,,,4,201147,Corey Brewer,1610612743.0,Denver,Nuggets,DEN,0,0,,,,,,0,0,,,,,,0
0021200079,489,4,0,4,12:49 AM,7:05,,,Favors REBOUND (Off:2 Def:6),,,5,202324,Derrick Favors,1610612762.0,Utah,Jazz,UTA,0,0,,,,,,0,0,,,,,,0
0021200079,490,2,1,4,12:49 AM,6:50,,,MISS Foye 24' 3PT Jump Shot,,,5,200751,Randy Foye,1610612762.0,Utah,Jazz,UTA,0,0,,,,,,0,0,,,,,,0
0021200079,491,4,0,4,12:49 AM,6:49,Koufos REBOUND (Off:4 Def:5),,,,,4,201585,Kosta Koufos,1610612743.0,Denver,Nuggets,DEN,0,0,,,,,,0,0,,,,,,0
0021200079,492,5,1,4,12:49 AM,6:35,Fournier Bad Pass Turnover (P2.T9),,Foye STEAL (1 STL),,,4,203095,Evan Fournier,1610612743.0,Denver,Nuggets,DEN,5,200751,Randy Foye,1610612762.0,Utah,Jazz,UTA,0,0,,,,,,0
0021200079,493,2,84,4,12:49 AM,6:27,,,MISS Favors 6' Running Bank Shot,,,5,202324,Derrick Favors,1610612762.0,Utah,Jazz,UTA,0,0,,,,,,0,0,,,,,,0
0021200079,495,4,0,4,12:50 AM,6:25,,,Favors REBOUND (Off:3 Def:6),,,5,202324,Derrick Favors,1610612762.0,Utah,Jazz,UTA,0,0,,,,,,0,0,,,,,,0
0021200079,494,1,87,4,12:50 AM,6:25,,,Favors  Putback Dunk (10 PTS),72 - 88,16,5,202324,Derrick Favors,1610612762.0,Utah,Jazz,UTA,0,0,,,,,,0,0,,,,,,0
0021200079,496,2,1,4,12:50 AM,6:04,MISS Fournier 25' 3PT Jump Shot,,,,,4,203095,Evan Fournier,1610612743.0,Denver,Nuggets,DEN,0,0,,,,,,0,0,,,,,,0
0021200079,497,4,0,4,12:50 AM,6:02,,,Favors REBOUND (Off:3 Def:7),,,5,202324,Derrick Favors,1610612762.0,Utah,Jazz,UTA,0,0,,,,,,0,0,,,,,,0
0021200079,498,6,2,4,12:50 AM,5:49,Koufos S.FOUL (P5.T2),,,,,4,201585,Kosta Koufos,1610612743.0,Denver,Nuggets,DEN,5,2224,Jamaal Tinsley,1610612762.0,Utah,Jazz,UTA,1,0,,,,,,0
0021200079,499,9,1,4,12:51 AM,5:49,NUGGETS Timeout: Regular (Full 4 Short 1),,,,,2,1610612743,,,,,,0,0,,,,,,0,0,,,,,,0
0021200079,503,3,11,4,12:53 AM,5:49,,,MISS Tinsley Free Throw 1 of 2,,,5,2224,Jamaal Tinsley,1610612762.0,Utah,Jazz,UTA,0,0,,,,,,0,0,,,,,,0
0021200079,504,4,1,4,12:53 AM,5:49,,,Jazz Rebound,,,3,1610612762,,,,,,0,0,,,,,,0,0,,,,,,0
0021200079,505,3,12,4,12:53 AM,5:49,,,Tinsley Free Throw 2 of 2 (3 PTS),73 - 88,15,5,2224,Jamaal Tinsley,1610612762.0,Utah,Jazz,UTA,0,0,,,,,,0,0,,,,,,0
0021200079,509,2,46,4,12:54 AM,5:23,MISS Brewer 6' Running Jump Shot,,,,,4,201147,Corey Brewer,1610612743.0,Denver,Nuggets,DEN,0,0,,,,,,0,0,,,,,,0
0021200079,510,4,0,4,12:54 AM,5:23,,,Favors REBOUND (Off:3 Def:8),,,5,202324,Derrick Favors,1610612762.0,Utah,Jazz,UTA,0,0,,,,,,0,0,,,,,,0
0021200079,511,2,5,4,12:54 AM,5:15,,,MISS Burks 2' Layup,,,5,202692,Alec Burks,1610612762.0,Utah,Jazz,UTA,0,0,,,,,,0,0,,,,,,0
0021200079,512,4,0,4,12:55 AM,5:14,Koufos REBOUND (Off:4 Def:6),,,,,4,201585,Kosta Koufos,1610612743.0,Denver,Nuggets,DEN,0,0,,,,,,0,0,,,,,,0
0021200079,513,1,42,4,12:55 AM,5:02,Miller 2' Driving Layup (6 PTS),,,73 - 90,17,4,1889,Andre Miller,1610612743.0,Denver,Nuggets,DEN,0,0,,,,,,0,0,,,,,,0
0021200079,514,1,1,4,12:55 AM,4:46,,,Foye 24' 3PT Jump Shot (13 PTS) (Tinsley 7 AST),76 - 90,14,5,200751,Randy Foye,1610612762.0,Utah,Jazz,UTA,5,2224,Jamaal Tinsley,1610612762.0,Utah,Jazz,UTA,0,0,,,,,,0
0021200079,515,5,4,4,12:55 AM,4:34,Fournier Traveling Turnover (P3.T10),,,,,4,203095,Evan Fournier,1610612743.0,Denver,Nuggets,DEN,0,0,,,,,,1,0,,,,,,0
0021200079,516,8,0,4,12:55 AM,4:34,SUB: Randolph FOR Koufos,,,,,4,201585,Kosta Koufos,1610612743.0,Denver,Nuggets,DEN,4,201576,Anthony Randolph,1610612743.0,Denver,Nuggets,DEN,0,0,,,,,,0
0021200079,518,7,2,4,12:56 AM,4:22,Randolph Violation:Defensive Goaltending,,,,,4,201576,Anthony Randolph,1610612743.0,Denver,Nuggets,DEN,0,0,,,,,,1,0,,,,,,0
0021200079,517,1,1,4,12:56 AM,4:22,,,Tinsley 5' Jump Shot (5 PTS),78 - 90,12,5,2224,Jamaal Tinsley,1610612762.0,Utah,Jazz,UTA,0,0,,,,,,0,0,,,,,,0
0021200079,519,6,1,4,12:56 AM,4:13,,,Burks P.FOUL (P2.T3),,,5,202692,Alec Burks,1610612762.0,Utah,Jazz,UTA,4,1889,Andre Miller,1610612743.0,Denver,Nuggets,DEN,1,0,,,,,,0
0021200079,520,1,1,4,12:57 AM,4:04,Brewer  3PT Jump Shot (17 PTS) (Miller 5 AST),,,78 - 93,15,4,201147,Corey Brewer,1610612743.0,Denver,Nuggets,DEN,4,1889,Andre Miller,1610612743.0,Denver,Nuggets,DEN,0,0,,,,,,0
0021200079,521,2,1,4,12:57 AM,3:47,,,MISS Foye 25' 3PT Jump Shot,,,5,200751,Randy Foye,1610612762.0,Utah,Jazz,UTA,0,0,,,,,,0,0,,,,,,0
0021200079,522,4,0,4,12:57 AM,3:46,,,Jazz Rebound,,,3,1610612762,,,,,,0,0,,,,,,0,0,,,,,,0
0021200079,523,6,3,4,12:57 AM,3:46,Mozgov L.B.FOUL (P3.T3),,,,,4,202389,Timofey Mozgov,1610612743.0,Denver,Nuggets,DEN,5,202683,Enes Kanter,1610612762.0,Utah,Jazz,UTA,1,0,,,,,,0
0021200079,524,6,1,4,12:57 AM,3:38,Mozgov P.FOUL (P4.T4),,,,,4,202389,Timofey Mozgov,1610612743.0,Denver,Nuggets,DEN,5,202683,Enes Kanter,1610612762.0,Utah,Jazz,UTA,1,0,,,,,,0
0021200079,525,2,1,4,12:58 AM,3:26,,,MISS Burks 26' 3PT Jump Shot,,,5,202692,Alec Burks,1610612762.0,Utah,Jazz,UTA,0,0,,,,,,0,0,,,,,,0
0021200079,526,4,0,4,12:58 AM,3:24,Mozgov REBOUND (Off:1 Def:3),,,,,4,202389,Timofey Mozgov,1610612743.0,Denver,Nuggets,DEN,0,0,,,,,,0,0,,,,,,0
0021200079,527,1,1,4,12:58 AM,3:08,Brewer 24' 3PT Jump Shot (20 PTS) (Miller 6 AST),,,78 - 96,18,4,201147,Corey Brewer,1610612743.0,Denver,Nuggets,DEN,4,1889,Andre Miller,1610612743.0,Denver,Nuggets,DEN,0,0,,,,,,0
0021200079,528,2,1,4,12:58 AM,2:48,,,MISS Favors 16' Jump Shot,,,5,202324,Derrick Favors,1610612762.0,Utah,Jazz,UTA,0,0,,,,,,0,0,,,,,,0
0021200079,530,4,0,4,12:59 AM,2:48,,,Kanter REBOUND (Off:3 Def:2),,,5,202683,Enes Kanter,1610612762.0,Utah,Jazz,UTA,0,0,,,,,,0,0,,,,,,0
0021200079,531,6,2,4,12:59 AM,2:48,Mozgov S.FOUL (P5.PN),,,,,4,202389,Timofey Mozgov,1610612743.0,Denver,Nuggets,DEN,5,202683,Enes Kanter,1610612762.0,Utah,Jazz,UTA,1,0,,,,,,0
0021200079,532,9,1,4,12:59 AM,2:48,,,Jazz Timeout: Regular (Reg.4 Short 0),,,3,1610612762,,,,,,0,0,,,,,,0,0,,,,,,0
0021200079,534,8,0,4,1:01 AM,2:48,,,SUB: Carroll FOR Favors,,,5,202324,Derrick Favors,1610612762.0,Utah,Jazz,UTA,5,201960,DeMarre Carroll,1610612762.0,Utah,Jazz,UTA,0,0,,,,,,0
0021200079,535,8,0,4,1:01 AM,2:48,,,SUB: Murphy FOR Foye,,,5,200751,Randy Foye,1610612762.0,Utah,Jazz,UTA,5,203122,Kevin Murphy,1610612762.0,Utah,Jazz,UTA,0,0,,,,,,0
0021200079,536,8,0,4,1:01 AM,2:48,,,SUB: Evans FOR Burks,,,5,202692,Alec Burks,1610612762.0,Utah,Jazz,UTA,5,202379,Jeremy Evans,1610612762.0,Utah,Jazz,UTA,0,0,,,,,,0
0021200079,537,8,0,4,1:02 AM,2:48,SUB: Hamilton FOR Brewer,,,,,4,201147,Corey Brewer,1610612743.0,Denver,Nuggets,DEN,4,202706,Jordan Hamilton,1610612743.0,Denver,Nuggets,DEN,0,0,,,,,,0
0021200079,538,3,11,4,1:02 AM,2:48,,,Kanter Free Throw 1 of 2 (11 PTS),79 - 96,17,5,202683,Enes Kanter,1610612762.0,Utah,Jazz,UTA,0,0,,,,,,0,0,,,,,,0
0021200079,540,3,12,4,1:02 AM,2:48,,,MISS Kanter Free Throw 2 of 2,,,5,202683,Enes Kanter,1610612762.0,Utah,Jazz,UTA,0,0,,,,,,0,0,,,,,,0
0021200079,542,4,0,4,1:02 AM,2:46,,,Evans REBOUND (Off:1 Def:0),,,5,202379,Jeremy Evans,1610612762.0,Utah,Jazz,UTA,0,0,,,,,,0,0,,,,,,0
0021200079,543,2,86,4,1:02 AM,2:34,,,MISS Murphy 17' Turnaround Fadeaway Shot,,,5,203122,Kevin Murphy,1610612762.0,Utah,Jazz,UTA,0,0,,,,,,0,0,,,,,,0
0021200079,544,4,0,4,1:02 AM,2:34,Miller REBOUND (Off:0 Def:3),,,,,4,1889,Andre Miller,1610612743.0,Denver,Nuggets,DEN,0,0,,,,,,0,0,,,,,,0
0021200079,545,1,5,4,1:02 AM,2:28,Fournier 1' Layup (2 PTS) (Miller 7 AST),,,79 - 98,19,4,203095,Evan Fournier,1610612743.0,Denver,Nuggets,DEN,4,1889,Andre Miller,1610612743.0,Denver,Nuggets,DEN,0,0,,,,,,0
0021200079,546,5,1,4,1:03 AM,2:08,,,Kanter Bad Pass Turnover (P1.T18),,,5,202683,Enes Kanter,1610612762.0,Utah,Jazz,UTA,0,0,,,,,,1,0,,,,,,0
0021200079,547,1,46,4,1:03 AM,1:57,Randolph 7' Running Jump Shot (2 PTS) (Hamilton 1 AST),,,79 - 100,21,4,201576,Anthony Randolph,1610612743.0,Denver,Nuggets,DEN,4,202706,Jordan Hamilton,1610612743.0,Denver,Nuggets,DEN,0,0,,,,,,0
0021200079,548,6,2,4,1:03 AM,1:44,Randolph S.FOUL (P1.PN),,,,,4,201576,Anthony Randolph,1610612743.0,Denver,Nuggets,DEN,5,202379,Jeremy Evans,1610612762.0,Utah,Jazz,UTA,1,0,,,,,,0
0021200079,549,3,11,4,1:04 AM,1:44,,,MISS Evans Free Throw 1 of 2,,,5,202379,Jeremy Evans,1610612762.0,Utah,Jazz,UTA,0,0,,,,,,0,0,,,,,,0
0021200079,550,4,1,4,1:04 AM,1:44,,,Jazz Rebound,,,3,1610612762,,,,,,0,0,,,,,,0,0,,,,,,0
0021200079,551,3,12,4,1:04 AM,1:44,,,Evans Free Throw 2 of 2 (1 PTS),80 - 100,20,5,202379,Jeremy Evans,1610612762.0,Utah,Jazz,UTA,0,0,,,,,,0,0,,,,,,0
0021200079,553,1,83,4,1:04 AM,1:27,Hamilton 19' Fadeaway Bank Shot (2 PTS),,,80 - 102,22,4,202706,Jordan Hamilton,1610612743.0,Denver,Nuggets,DEN,0,0,,,,,,0,0,,,,,,0
0021200079,554,1,56,4,1:04 AM,1:17,,,Kanter 5' Running Hook Shot (13 PTS),82 - 102,20,5,202683,Enes Kanter,1610612762.0,Utah,Jazz,UTA,0,0,,,,,,0,0,,,,,,0
0021200079,555,1,1,4,1:04 AM,1:11,Hamilton 10' Jump Shot (4 PTS),,,82 - 104,22,4,202706,Jordan Hamilton,1610612743.0,Denver,Nuggets,DEN,0,0,,,,,,0,0,,,,,,0
0021200079,556,2,1,4,1:05 AM,0:53,,,MISS Kanter 15' Jump Shot,,,5,202683,Enes Kanter,1610612762.0,Utah,Jazz,UTA,0,0,,,,,,0,0,,,,,,0
0021200079,557,4,0,4,1:05 AM,0:52,,,Kanter REBOUND (Off:4 Def:2),,,5,202683,Enes Kanter,1610612762.0,Utah,Jazz,UTA,0,0,,,,,,0,0,,,,,,0
0021200079,558,2,1,4,1:05 AM,0:47,,,MISS Tinsley 25' 3PT Jump Shot,,,5,2224,Jamaal Tinsley,1610612762.0,Utah,Jazz,UTA,0,0,,,,,,0,0,,,,,,0
0021200079,560,4,0,4,1:05 AM,0:46,,,Evans REBOUND (Off:2 Def:0),,,5,202379,Jeremy Evans,1610612762.0,Utah,Jazz,UTA,0,0,,,,,,0,0,,,,,,0
0021200079,559,2,87,4,1:05 AM,0:46,,,MISS Evans  Putback Dunk,,,5,202379,Jeremy Evans,1610612762.0,Utah,Jazz,UTA,0,0,,,,,,0,0,,,,,,0
0021200079,561,4,0,4,1:05 AM,0:44,Randolph REBOUND (Off:0 Def:1),,,,,4,201576,Anthony Randolph,1610612743.0,Denver,Nuggets,DEN,0,0,,,,,,0,0,,,,,,0
0021200079,562,2,1,4,1:05 AM,0:35,MISS Fournier 27' 3PT Jump Shot,,,,,4,203095,Evan Fournier,1610612743.0,Denver,Nuggets,DEN,0,0,,,,,,0,0,,,,,,0
0021200079,563,4,0,4,1:05 AM,0:35,Randolph REBOUND (Off:1 Def:1),,,,,4,201576,Anthony Randolph,1610612743.0,Denver,Nuggets,DEN,0,0,,,,,,0,0,,,,,,0
0021200079,564,5,1,4,1:05 AM,0:32,Randolph Bad Pass Turnover (P1.T11),,Murphy STEAL (1 STL),,,4,201576,Anthony Randolph,1610612743.0,Denver,Nuggets,DEN,5,203122,Kevin Murphy,1610612762.0,Utah,Jazz,UTA,0,0,,,,,,0
0021200079,565,1,5,4,1:05 AM,0:30,,,Carroll 2' Layup (2 PTS),84 - 104,20,5,201960,DeMarre Carroll,1610612762.0,Utah,Jazz,UTA,0,0,,,,,,0,0,,,,,,0
0021200079,566,6,1,4,1:06 AM,0:19,,,Evans P.FOUL (P1.T4),,,5,202379,Jeremy Evans,1610612762.0,Utah,Jazz,UTA,4,201576,Anthony Randolph,1610612743.0,Denver,Nuggets,DEN,1,0,,,,,,0
0021200079,567,2,1,4,1:06 AM,0:05,MISS Hamilton 5' Jump Shot,,Kanter BLOCK (3 BLK),,,4,202706,Jordan Hamilton,1610612743.0,Denver,Nuggets,DEN,0,0,,,,,,5,202683,Enes Kanter,1610612762.0,Utah,Jazz,UTA,0
0021200079,568,4,0,4,1:06 AM,0:05,Fournier REBOUND (Off:1 Def:0),,,,,4,203095,Evan Fournier,1610612743.0,Denver,Nuggets,DEN,0,0,,,,,,0,0,,,,,,0
0021200079,569,5,11,4,1:06 AM,0:05,NUGGETS Turnover: Shot Clock (T#12),,,,,2,1610612743,,,,,,0,0,,,,,,1,0,,,,,,0
0021200079,570,13,0,4,1:07 AM,0:00,,End of 4th Period (1:07 AM EST),,84 - 104,20,0,0,,,,,,0,0,,,,,,0,0,,,,,,0
