GAME_ID,EVENTNUM,EVENTMSGTYPE,EVENTMSGACTIONTYPE,PERIOD,WCTIMESTRING,PCTIMESTRING,HOMEDESCRIPTION,NEUTRALDESCRIPTION,VISITORDESCRIPTION,SCORE,SCOREMARGIN,PERSON1TYPE,PLAYER1_ID,PLAYER1_NAME,PLAYER1_TEAM_ID,PLAYER1_TEAM_CITY,PLAYER1_TEAM_NICKNAME,PLAYER1_TEAM_ABBREVIATION,PERSON2TYPE,PLAYER2_ID,PLAYER2_NAME,PLAYER2_TEAM_ID,PLAYER2_TEAM_CITY,PLAYER2_TEAM_NICKNAME,PLAYER2_TEAM_ABBREVIATION,PERSON3TYPE,PLAYER3_ID,PLAYER3_NAME,PLAYER3_TEAM_ID,PLAYER3_TEAM_CITY,PLAYER3_TEAM_NICKNAME,PLAYER3_TEAM_ABBREVIATION,VIDEO_AVAILABLE_FLAG
0022200100,2,12,0,1,8:11 PM,12:00,,Start of 1st Period (8:11 PM EST),,,,0,0,,,,,,0,0,,,,,,0,0,,,,,,0
0022200100,4,10,0,1,8:11 PM,12:00,Jump Ball Lopez vs. Stewart: Tip to G. Antetokounmpo,,,,,4,201572,Brook Lopez,1610612749.0,Milwaukee,Bucks,MIL,5,1630191,Isaiah Stewart,1610612765.0,Detroit,Pistons,DET,4,203507,Giannis Antetokounmpo,1610612749.0,Milwaukee,Bucks,MIL,1
0022200100,9,7,1,1,8:11 PM,12:00,BUCKS Violation: Delay of game Violation,,,,,2,1610612749,,,,,,0,0,,,,,,1,0,,,,,,0
0022200100,7,5,1,1,8:11 PM,11:42,Allen Bad Pass Turnover (P1.T1),,Bey STEAL (1 STL),,,4,1628960,Grayson Allen,1610612749.0,Milwaukee,Bucks,MIL,5,1630180,Saddiq Bey,1610612765.0,Detroit,Pistons,DET,0,0,,,,,,1
0022200100,10,6,4,1,8:11 PM,11:33,,,Cunningham OFF.Foul (P1) (J.Orr),,,5,1630595,Cade Cunningham,1610612765.0,Detroit,Pistons,DET,4,203507,Giannis Antetokounmpo,1610612749.0,Milwaukee,Bucks,MIL,1,0,,,,,,1
0022200100,12,5,37,1,8:11 PM,11:33,,,Cunningham Offensive Foul Turnover (P1.T1),,,5,1630595,Cade Cunningham,1610612765.0,Detroit,Pistons,DET,0,0,,,,,,1,0,,,,,,1
0022200100,13,6,1,1,8:12 PM,11:22,,,Bogdanovic P.FOUL (P1.T1) (D.Taylor),,,5,202711,Bojan Bogdanovic,1610612765.0,Detroit,Pistons,DET,4,203507,Giannis Antetokounmpo,1610612749.0,Milwaukee,Bucks,MIL,1,0,,,,,,1
0022200100,15,1,75,1,8:12 PM,11:15,Holiday 1' Driving Finger Roll Layup (2 PTS),,,0 - 2,2,4,201950,Jrue Holiday,1610612749.0,Milwaukee,Bucks,MIL,0,0,,,,,,0,0,,,,,,1
0022200100,16,2,66,1,8:12 PM,10:59,,,MISS Stewart 27' 3PT Jump Bank Shot,,,5,1630191,Isaiah Stewart,1610612765.0,Detroit,Pistons,DET,0,0,,,,,,0,0,,,,,,1
0022200100,17,4,0,1,8:12 PM,10:56,Holiday REBOUND (Off:0 Def:1),,,,,4,201950,Jrue Holiday,1610612749.0,Milwaukee,Bucks,MIL,0,0,,,,,,0,0,,,,,,1
0022200100,18,6,2,1,8:12 PM,10:52,,,Ivey S.FOUL (P1.T2) (J.Orr),,,5,1631093,Jaden Ivey,1610612765.0,Detroit,Pistons,DET,4,1628960,Grayson Allen,1610612749.0,Milwaukee,Bucks,MIL,1,0,,,,,,1
0022200100,20,3,11,1,8:13 PM,10:52,Allen Free Throw 1 of 2 (1 PTS),,,0 - 3,3,4,1628960,Grayson Allen,1610612749.0,Milwaukee,Bucks,MIL,0,0,,,,,,0,0,,,,,,1
0022200100,21,3,12,1,8:13 PM,10:52,Allen Free Throw 2 of 2 (2 PTS),,,0 - 4,4,4,1628960,Grayson Allen,1610612749.0,Milwaukee,Bucks,MIL,0,0,,,,,,0,0,,,,,,1
0022200100,22,1,79,1,8:13 PM,10:38,,,Cunningham 18' Pullup Jump Shot (2 PTS),2 - 4,2,5,1630595,Cade Cunningham,1610612765.0,Detroit,Pistons,DET,0,0,,,,,,0,0,,,,,,1
0022200100,23,2,1,1,8:14 PM,10:27,MISS Holiday 28' 3PT Jump Shot,,,,,4,201950,Jrue Holiday,1610612749.0,Milwaukee,Bucks,MIL,0,0,,,,,,0,0,,,,,,1
0022200100,24,4,0,1,8:14 PM,10:24,,,Stewart REBOUND (Off:0 Def:1),,,5,1630191,Isaiah Stewart,1610612765.0,Detroit,Pistons,DET,0,0,,,,,,0,0,,,,,,1
0022200100,25,2,79,1,8:14 PM,10:14,,,MISS Bey 26' 3PT Pullup Jump Shot,,,5,1630180,Saddiq Bey,1610612765.0,Detroit,Pistons,DET,0,0,,,,,,0,0,,,,,,1
0022200100,26,4,0,1,8:14 PM,10:11,Allen REBOUND (Off:0 Def:1),,,,,4,1628960,Grayson Allen,1610612749.0,Milwaukee,Bucks,MIL,0,0,,,,,,0,0,,,,,,1
0022200100,27,1,98,1,8:14 PM,10:08,G. Antetokounmpo 1' Cutting Layup Shot (2 PTS) (Allen 1 AST),,,2 - 6,4,4,203507,Giannis Antetokounmpo,1610612749.0,Milwaukee,Bucks,MIL,4,1628960,Grayson Allen,1610612749.0,Milwaukee,Bucks,MIL,0,0,,,,,,1
0022200100,29,2,79,1,8:14 PM,9:53,,,MISS Bey 27' 3PT Pullup Jump Shot,,,5,1630180,Saddiq Bey,1610612765.0,Detroit,Pistons,DET,0,0,,,,,,0,0,,,,,,1
0022200100,30,4,0,1,8:14 PM,9:50,Carter REBOUND (Off:0 Def:1),,,,,4,1628975,Jevon Carter,1610612749.0,Milwaukee,Bucks,MIL,0,0,,,,,,0,0,,,,,,1
0022200100,31,2,1,1,8:14 PM,9:40,MISS Allen 26' 3PT Jump Shot,,,,,4,1628960,Grayson Allen,1610612749.0,Milwaukee,Bucks,MIL,0,0,,,,,,0,0,,,,,,1
0022200100,32,4,0,1,8:14 PM,9:38,,,Cunningham REBOUND (Off:0 Def:1),,,5,1630595,Cade Cunningham,1610612765.0,Detroit,Pistons,DET,0,0,,,,,,0,0,,,,,,1
0022200100,33,2,2,1,8:15 PM,9:33,,,MISS Bogdanovic 24' 3PT Running Jump Shot,,,5,202711,Bojan Bogdanovic,1610612765.0,Detroit,Pistons,DET,0,0,,,,,,0,0,,,,,,1
0022200100,34,4,0,1,8:15 PM,9:27,Allen REBOUND (Off:0 Def:2),,,,,4,1628960,Grayson Allen,1610612749.0,Milwaukee,Bucks,MIL,0,0,,,,,,0,0,,,,,,1
0022200100,35,2,1,1,8:15 PM,9:21,MISS G. Antetokounmpo 26' 3PT Jump Shot,,,,,4,203507,Giannis Antetokounmpo,1610612749.0,Milwaukee,Bucks,MIL,0,0,,,,,,0,0,,,,,,1
0022200100,36,4,0,1,8:15 PM,9:17,,,Cunningham REBOUND (Off:0 Def:2),,,5,1630595,Cade Cunningham,1610612765.0,Detroit,Pistons,DET,0,0,,,,,,0,0,,,,,,1
0022200100,37,1,6,1,8:15 PM,9:07,,,Cunningham 4' Driving Layup (4 PTS),4 - 6,2,5,1630595,Cade Cunningham,1610612765.0,Detroit,Pistons,DET,0,0,,,,,,0,0,,,,,,1
0022200100,38,1,80,1,8:15 PM,8:53,Holiday 28' 3PT Step Back Jump Shot (5 PTS),,,4 - 9,5,4,201950,Jrue Holiday,1610612749.0,Milwaukee,Bucks,MIL,0,0,,,,,,0,0,,,,,,1
0022200100,39,2,79,1,8:15 PM,8:34,,,MISS Cunningham 19' Pullup Jump Shot,,,5,1630595,Cade Cunningham,1610612765.0,Detroit,Pistons,DET,0,0,,,,,,0,0,,,,,,1
0022200100,40,4,0,1,8:16 PM,8:30,Holiday REBOUND (Off:0 Def:2),,,,,4,201950,Jrue Holiday,1610612749.0,Milwaukee,Bucks,MIL,0,0,,,,,,0,0,,,,,,1
0022200100,41,2,1,1,8:16 PM,8:25,MISS Lopez 27' 3PT Jump Shot,,,,,4,201572,Brook Lopez,1610612749.0,Milwaukee,Bucks,MIL,0,0,,,,,,0,0,,,,,,1
0022200100,42,4,0,1,8:16 PM,8:25,,,Pistons Rebound,,,3,1610612765,,,,,,0,0,,,,,,0,0,,,,,,0
0022200100,44,5,1,1,8:16 PM,8:07,Allen STEAL (1 STL),,Ivey Bad Pass Turnover (P1.T2),,,5,1631093,Jaden Ivey,1610612765.0,Detroit,Pistons,DET,4,1628960,Grayson Allen,1610612749.0,Milwaukee,Bucks,MIL,0,0,,,,,,1
0022200100,46,1,41,1,8:16 PM,8:02,Allen 1' Running Layup (4 PTS),,,4 - 11,7,4,1628960,Grayson Allen,1610612749.0,Milwaukee,Bucks,MIL,0,0,,,,,,0,0,,,,,,1
0022200100,47,9,1,1,8:16 PM,7:55,,,Pistons Timeout: Regular (Reg.1 Short 0),,,3,1610612765,,,,,,0,0,,,,,,0,0,,,,,,0
0022200100,48,6,2,1,8:19 PM,7:48,Allen S.FOUL (P1.T1) (D.Taylor),,,,,4,1628960,Grayson Allen,1610612749.0,Milwaukee,Bucks,MIL,5,202711,Bojan Bogdanovic,1610612765.0,Detroit,Pistons,DET,1,0,,,,,,1
0022200100,50,3,11,1,8:20 PM,7:48,,,Bogdanovic Free Throw 1 of 2 (1 PTS),5 - 11,6,5,202711,Bojan Bogdanovic,1610612765.0,Detroit,Pistons,DET,0,0,,,,,,0,0,,,,,,1
0022200100,51,8,0,1,8:20 PM,7:48,SUB: Portis FOR Carter,,,,,4,1628975,Jevon Carter,1610612749.0,Milwaukee,Bucks,MIL,4,1626171,Bobby Portis,1610612749.0,Milwaukee,Bucks,MIL,0,0,,,,,,0
0022200100,53,3,12,1,8:20 PM,7:48,,,Bogdanovic Free Throw 2 of 2 (2 PTS),6 - 11,5,5,202711,Bojan Bogdanovic,1610612765.0,Detroit,Pistons,DET,0,0,,,,,,0,0,,,,,,1
0022200100,54,1,79,1,8:21 PM,7:28,Holiday 13' Pullup Jump Shot (7 PTS) (Portis 1 AST),,,6 - 13,7,4,201950,Jrue Holiday,1610612749.0,Milwaukee,Bucks,MIL,4,1626171,Bobby Portis,1610612749.0,Milwaukee,Bucks,MIL,0,0,,,,,,1
0022200100,55,2,75,1,8:21 PM,7:16,,,MISS Bogdanovic 3' Driving Finger Roll Layup,,,5,202711,Bojan Bogdanovic,1610612765.0,Detroit,Pistons,DET,0,0,,,,,,0,0,,,,,,1
0022200100,56,4,0,1,8:21 PM,7:14,,,Stewart REBOUND (Off:1 Def:1),,,5,1630191,Isaiah Stewart,1610612765.0,Detroit,Pistons,DET,0,0,,,,,,0,0,,,,,,1
0022200100,57,1,97,1,8:21 PM,7:14,,,Stewart Tip Layup Shot (2 PTS),8 - 13,5,5,1630191,Isaiah Stewart,1610612765.0,Detroit,Pistons,DET,0,0,,,,,,0,0,,,,,,1
0022200100,58,1,86,1,8:21 PM,6:59,Lopez 11' Turnaround Fadeaway (2 PTS) (Holiday 1 AST),,,8 - 15,7,4,201572,Brook Lopez,1610612749.0,Milwaukee,Bucks,MIL,4,201950,Jrue Holiday,1610612749.0,Milwaukee,Bucks,MIL,0,0,,,,,,1
0022200100,60,2,1,1,8:21 PM,6:35,,,MISS Ivey 31' 3PT Jump Shot,,,5,1631093,Jaden Ivey,1610612765.0,Detroit,Pistons,DET,0,0,,,,,,0,0,,,,,,1
0022200100,61,4,0,1,8:22 PM,6:32,Portis REBOUND (Off:0 Def:1),,,,,4,1626171,Bobby Portis,1610612749.0,Milwaukee,Bucks,MIL,0,0,,,,,,0,0,,,,,,1
0022200100,62,1,1,1,8:22 PM,6:24,Lopez 25' 3PT Jump Shot (5 PTS) (Portis 2 AST),,,8 - 18,10,4,201572,Brook Lopez,1610612749.0,Milwaukee,Bucks,MIL,4,1626171,Bobby Portis,1610612749.0,Milwaukee,Bucks,MIL,0,0,,,,,,1
0022200100,65,6,4,1,8:22 PM,6:13,,,Stewart OFF.Foul (P1) (D.Taylor),,,5,1630191,Isaiah Stewart,1610612765.0,Detroit,Pistons,DET,4,201950,Jrue Holiday,1610612749.0,Milwaukee,Bucks,MIL,1,0,,,,,,1
0022200100,67,5,37,1,8:22 PM,6:13,,,Stewart Offensive Foul Turnover (P1.T3),,,5,1630191,Isaiah Stewart,1610612765.0,Detroit,Pistons,DET,0,0,,,,,,1,0,,,,,,1
0022200100,68,8,0,1,8:22 PM,6:13,SUB: Matthews FOR Allen,,,,,4,1628960,Grayson Allen,1610612749.0,Milwaukee,Bucks,MIL,4,202083,Wesley Matthews,1610612749.0,Milwaukee,Bucks,MIL,0,0,,,,,,0
0022200100,70,2,6,1,8:22 PM,6:03,MISS G. Antetokounmpo 6' Driving Layup,,,,,4,203507,Giannis Antetokounmpo,1610612749.0,Milwaukee,Bucks,MIL,0,0,,,,,,0,0,,,,,,1
0022200100,71,4,0,1,8:22 PM,6:02,Portis REBOUND (Off:1 Def:1),,,,,4,1626171,Bobby Portis,1610612749.0,Milwaukee,Bucks,MIL,0,0,,,,,,0,0,,,,,,1
0022200100,72,1,72,1,8:23 PM,6:00,Portis Putback Layup (2 PTS),,,8 - 20,12,4,1626171,Bobby Portis,1610612749.0,Milwaukee,Bucks,MIL,0,0,,,,,,0,0,,,,,,1
0022200100,73,6,2,1,8:23 PM,6:00,,,Bogdanovic S.FOUL (P2.T3) (D.Taylor),,,5,202711,Bojan Bogdanovic,1610612765.0,Detroit,Pistons,DET,4,1626171,Bobby Portis,1610612749.0,Milwaukee,Bucks,MIL,1,0,,,,,,1
0022200100,75,8,0,1,8:23 PM,6:00,SUB: Nwora FOR G. Antetokounmpo,,,,,4,203507,Giannis Antetokounmpo,1610612749.0,Milwaukee,Bucks,MIL,4,1629670,Jordan Nwora,1610612749.0,Milwaukee,Bucks,MIL,0,0,,,,,,0
0022200100,77,8,0,1,8:23 PM,6:00,,,SUB: Diallo FOR Bogdanovic,,,5,202711,Bojan Bogdanovic,1610612765.0,Detroit,Pistons,DET,5,1628977,Hamidou Diallo,1610612765.0,Detroit,Pistons,DET,0,0,,,,,,0
0022200100,79,3,10,1,8:23 PM,6:00,MISS Portis Free Throw 1 of 1,,,,,4,1626171,Bobby Portis,1610612749.0,Milwaukee,Bucks,MIL,0,0,,,,,,0,0,,,,,,1
0022200100,80,4,0,1,8:23 PM,6:00,BUCKS Rebound,,,,,2,1610612749,,,,,,0,0,,,,,,0,0,,,,,,1
0022200100,81,6,3,1,8:23 PM,6:00,,,Bey L.B.FOUL (P1.T4) (R.Mott),,,5,1630180,Saddiq Bey,1610612765.0,Detroit,Pistons,DET,4,202083,Wesley Matthews,1610612749.0,Milwaukee,Bucks,MIL,1,0,,,,,,1
0022200100,83,1,1,1,8:24 PM,5:48,Portis 26' 3PT Jump Shot (5 PTS) (Holiday 2 AST),,,8 - 23,15,4,1626171,Bobby Portis,1610612749.0,Milwaukee,Bucks,MIL,4,201950,Jrue Holiday,1610612749.0,Milwaukee,Bucks,MIL,0,0,,,,,,1
0022200100,85,2,79,1,8:24 PM,5:29,,,MISS Ivey 14' Pullup Jump Shot,,,5,1631093,Jaden Ivey,1610612765.0,Detroit,Pistons,DET,0,0,,,,,,0,0,,,,,,1
0022200100,86,4,0,1,8:24 PM,5:26,Lopez REBOUND (Off:0 Def:1),,,,,4,201572,Brook Lopez,1610612749.0,Milwaukee,Bucks,MIL,0,0,,,,,,0,0,,,,,,1
0022200100,87,5,1,1,8:24 PM,5:19,Holiday Bad Pass Turnover (P1.T2),,Diallo STEAL (1 STL),,,4,201950,Jrue Holiday,1610612749.0,Milwaukee,Bucks,MIL,5,1628977,Hamidou Diallo,1610612765.0,Detroit,Pistons,DET,0,0,,,,,,1
0022200100,89,1,50,1,8:25 PM,5:15,,,Diallo 1' Running Dunk (2 PTS),10 - 23,13,5,1628977,Hamidou Diallo,1610612765.0,Detroit,Pistons,DET,0,0,,,,,,0,0,,,,,,1
0022200100,90,2,1,1,8:25 PM,4:49,MISS Matthews 27' 3PT Jump Shot,,,,,4,202083,Wesley Matthews,1610612749.0,Milwaukee,Bucks,MIL,0,0,,,,,,0,0,,,,,,1
0022200100,91,4,0,1,8:25 PM,4:46,,,Diallo REBOUND (Off:0 Def:1),,,5,1628977,Hamidou Diallo,1610612765.0,Detroit,Pistons,DET,0,0,,,,,,0,0,,,,,,1
0022200100,92,1,58,1,8:25 PM,4:34,,,Ivey 3' Turnaround Hook Shot (2 PTS) (Bey 1 AST),12 - 23,11,5,1631093,Jaden Ivey,1610612765.0,Detroit,Pistons,DET,5,1630180,Saddiq Bey,1610612765.0,Detroit,Pistons,DET,0,0,,,,,,1
0022200100,94,1,79,1,8:25 PM,4:24,Holiday 27' 3PT Pullup Jump Shot (10 PTS),,,12 - 26,14,4,201950,Jrue Holiday,1610612749.0,Milwaukee,Bucks,MIL,0,0,,,,,,0,0,,,,,,1
0022200100,95,6,1,1,8:26 PM,4:10,Matthews P.FOUL (P1.T2) (R.Mott),,,,,4,202083,Wesley Matthews,1610612749.0,Milwaukee,Bucks,MIL,5,1630191,Isaiah Stewart,1610612765.0,Detroit,Pistons,DET,1,0,,,,,,1
0022200100,97,18,0,1,8:26 PM,4:10,,Instant Replay1st Period (8:26 PM EST),,12 - 26,14,0,95,Mark Bryant,,,,,0,0,,,,,,1,0,,,,,,0
0022200100,98,8,0,1,8:27 PM,4:10,SUB: Ibaka FOR Lopez,,,,,4,201572,Brook Lopez,1610612749.0,Milwaukee,Bucks,MIL,4,201586,Serge Ibaka,1610612749.0,Milwaukee,Bucks,MIL,0,0,,,,,,0
0022200100,99,8,0,1,8:27 PM,4:10,,,SUB: Noel FOR Ivey,,,5,1631093,Jaden Ivey,1610612765.0,Detroit,Pistons,DET,5,203457,Nerlens Noel,1610612765.0,Detroit,Pistons,DET,0,0,,,,,,0
0022200100,100,8,0,1,8:27 PM,4:10,,,SUB: Hayes FOR Stewart,,,5,1630191,Isaiah Stewart,1610612765.0,Detroit,Pistons,DET,5,1630165,Killian Hayes,1610612765.0,Detroit,Pistons,DET,0,0,,,,,,0
0022200100,104,1,79,1,8:27 PM,3:57,,,Diallo 13' Pullup Jump Shot (4 PTS) (Cunningham 1 AST),14 - 26,12,5,1628977,Hamidou Diallo,1610612765.0,Detroit,Pistons,DET,5,1630595,Cade Cunningham,1610612765.0,Detroit,Pistons,DET,0,0,,,,,,1
0022200100,106,2,98,1,8:28 PM,3:38,MISS Ibaka 5' Cutting Layup Shot,,Noel BLOCK (1 BLK),,,4,201586,Serge Ibaka,1610612749.0,Milwaukee,Bucks,MIL,0,0,,,,,,5,203457,Nerlens Noel,1610612765.0,Detroit,Pistons,DET,1
0022200100,108,4,0,1,8:28 PM,3:38,BUCKS Rebound,,,,,2,1610612749,,,,,,0,0,,,,,,0,0,,,,,,1
0022200100,110,1,1,1,8:28 PM,3:32,Holiday 3PT Jump Shot (13 PTS) (Nwora 1 AST),,,14 - 29,15,4,201950,Jrue Holiday,1610612749.0,Milwaukee,Bucks,MIL,4,1629670,Jordan Nwora,1610612749.0,Milwaukee,Bucks,MIL,0,0,,,,,,1
0022200100,112,1,79,1,8:28 PM,3:19,,,Cunningham 27' 3PT Pullup Jump Shot (7 PTS),17 - 29,12,5,1630595,Cade Cunningham,1610612765.0,Detroit,Pistons,DET,0,0,,,,,,0,0,,,,,,1
0022200100,113,9,1,1,8:29 PM,3:11,BUCKS Timeout: Regular (Full 1 Short 0),,,,,2,1610612749,,,,,,0,0,,,,,,0,0,,,,,,0
0022200100,114,8,0,1,8:31 PM,3:11,SUB: Hill FOR Holiday,,,,,4,201950,Jrue Holiday,1610612749.0,Milwaukee,Bucks,MIL,4,201588,George Hill,1610612749.0,Milwaukee,Bucks,MIL,0,0,,,,,,0
0022200100,115,8,0,1,8:31 PM,3:11,,,SUB: Livers FOR Bey,,,5,1630180,Saddiq Bey,1610612765.0,Detroit,Pistons,DET,5,1630587,Isaiah Livers,1610612765.0,Detroit,Pistons,DET,0,0,,,,,,0
0022200100,118,2,63,1,8:32 PM,2:57,MISS Portis 12' Fadeaway Jumper,,,,,4,1626171,Bobby Portis,1610612749.0,Milwaukee,Bucks,MIL,0,0,,,,,,0,0,,,,,,1
0022200100,119,4,0,1,8:32 PM,2:54,,,Cunningham REBOUND (Off:0 Def:3),,,5,1630595,Cade Cunningham,1610612765.0,Detroit,Pistons,DET,0,0,,,,,,0,0,,,,,,1
0022200100,120,5,2,1,8:32 PM,2:51,Nwora STEAL (1 STL),,Cunningham Lost Ball Turnover (P2.T4),,,5,1630595,Cade Cunningham,1610612765.0,Detroit,Pistons,DET,4,1629670,Jordan Nwora,1610612749.0,Milwaukee,Bucks,MIL,0,0,,,,,,1
0022200100,122,1,3,1,8:32 PM,2:33,Portis 7' Hook Shot (7 PTS),,,17 - 31,14,4,1626171,Bobby Portis,1610612749.0,Milwaukee,Bucks,MIL,0,0,,,,,,0,0,,,,,,1
0022200100,123,1,80,1,8:32 PM,2:17,,,Cunningham 26' 3PT Step Back Jump Shot (10 PTS),20 - 31,11,5,1630595,Cade Cunningham,1610612765.0,Detroit,Pistons,DET,0,0,,,,,,0,0,,,,,,1
0022200100,124,2,79,1,8:33 PM,2:03,MISS Hill 27' 3PT Pullup Jump Shot,,,,,4,201588,George Hill,1610612749.0,Milwaukee,Bucks,MIL,0,0,,,,,,0,0,,,,,,1
0022200100,125,4,0,1,8:33 PM,2:00,,,Diallo REBOUND (Off:0 Def:2),,,5,1628977,Hamidou Diallo,1610612765.0,Detroit,Pistons,DET,0,0,,,,,,0,0,,,,,,1
0022200100,126,2,1,1,8:33 PM,1:50,,,MISS Noel 12' Jump Shot,,,5,203457,Nerlens Noel,1610612765.0,Detroit,Pistons,DET,0,0,,,,,,0,0,,,,,,1
0022200100,127,4,0,1,8:33 PM,1:47,Portis REBOUND (Off:1 Def:2),,,,,4,1626171,Bobby Portis,1610612749.0,Milwaukee,Bucks,MIL,0,0,,,,,,0,0,,,,,,1
0022200100,128,6,1,1,8:33 PM,1:41,,,Diallo P.FOUL (P1.PN) (D.Taylor),,,5,1628977,Hamidou Diallo,1610612765.0,Detroit,Pistons,DET,4,201588,George Hill,1610612749.0,Milwaukee,Bucks,MIL,1,0,,,,,,1
0022200100,130,3,11,1,8:34 PM,1:41,MISS Hill Free Throw 1 of 2,,,,,4,201588,George Hill,1610612749.0,Milwaukee,Bucks,MIL,0,0,,,,,,0,0,,,,,,1
0022200100,131,4,1,1,8:34 PM,1:41,BUCKS Rebound,,,,,2,1610612749,,,,,,0,0,,,,,,0,0,,,,,,0
0022200100,132,8,0,1,8:34 PM,1:41,SUB: Allen FOR Portis,,,,,4,1626171,Bobby Portis,1610612749.0,Milwaukee,Bucks,MIL,4,1628960,Grayson Allen,1610612749.0,Milwaukee,Bucks,MIL,0,0,,,,,,0
0022200100,133,8,0,1,8:34 PM,1:41,SUB: G. Antetokounmpo FOR Matthews,,,,,4,202083,Wesley Matthews,1610612749.0,Milwaukee,Bucks,MIL,4,203507,Giannis Antetokounmpo,1610612749.0,Milwaukee,Bucks,MIL,0,0,,,,,,0
0022200100,134,8,0,1,8:34 PM,1:41,,,SUB: Ivey FOR Cunningham,,,5,1630595,Cade Cunningham,1610612765.0,Detroit,Pistons,DET,5,1631093,Jaden Ivey,1610612765.0,Detroit,Pistons,DET,0,0,,,,,,0
0022200100,138,3,12,1,8:34 PM,1:41,Hill Free Throw 2 of 2 (1 PTS),,,20 - 32,12,4,201588,George Hill,1610612749.0,Milwaukee,Bucks,MIL,0,0,,,,,,0,0,,,,,,1
0022200100,139,2,1,1,8:34 PM,1:24,,,MISS Livers 26' 3PT Jump Shot,,,5,1630587,Isaiah Livers,1610612765.0,Detroit,Pistons,DET,0,0,,,,,,0,0,,,,,,1
0022200100,140,4,0,1,8:34 PM,1:20,Nwora REBOUND (Off:0 Def:1),,,,,4,1629670,Jordan Nwora,1610612749.0,Milwaukee,Bucks,MIL,0,0,,,,,,0,0,,,,,,1
0022200100,141,6,1,1,8:35 PM,1:13,,,Livers P.FOUL (P1.PN) (J.Orr),,,5,1630587,Isaiah Livers,1610612765.0,Detroit,Pistons,DET,4,203507,Giannis Antetokounmpo,1610612749.0,Milwaukee,Bucks,MIL,1,0,,,,,,1
0022200100,143,3,11,1,8:35 PM,1:13,G. Antetokounmpo Free Throw 1 of 2 (3 PTS),,,20 - 33,13,4,203507,Giannis Antetokounmpo,1610612749.0,Milwaukee,Bucks,MIL,0,0,,,,,,0,0,,,,,,1
0022200100,144,3,12,1,8:36 PM,1:13,G. Antetokounmpo Free Throw 2 of 2 (4 PTS),,,20 - 34,14,4,203507,Giannis Antetokounmpo,1610612749.0,Milwaukee,Bucks,MIL,0,0,,,,,,0,0,,,,,,1
0022200100,145,2,101,1,8:36 PM,1:01,,,MISS Ivey 10' Driving Floating Jump Shot,,,5,1631093,Jaden Ivey,1610612765.0,Detroit,Pistons,DET,0,0,,,,,,0,0,,,,,,1
0022200100,146,4,0,1,8:36 PM,1:00,,,Ivey REBOUND (Off:1 Def:0),,,5,1631093,Jaden Ivey,1610612765.0,Detroit,Pistons,DET,0,0,,,,,,0,0,,,,,,1
0022200100,147,2,97,1,8:36 PM,1:00,,,MISS Ivey Tip Layup Shot,,,5,1631093,Jaden Ivey,1610612765.0,Detroit,Pistons,DET,0,0,,,,,,0,0,,,,,,1
0022200100,148,4,0,1,8:36 PM,1:00,,,Noel REBOUND (Off:1 Def:0),,,5,203457,Nerlens Noel,1610612765.0,Detroit,Pistons,DET,0,0,,,,,,0,0,,,,,,1
0022200100,149,6,2,1,8:36 PM,0:52,G. Antetokounmpo S.FOUL (P1.T3) (J.Orr),,,,,4,203507,Giannis Antetokounmpo,1610612749.0,Milwaukee,Bucks,MIL,5,1628977,Hamidou Diallo,1610612765.0,Detroit,Pistons,DET,1,0,,,,,,1
0022200100,151,3,11,1,8:36 PM,0:52,,,MISS Diallo Free Throw 1 of 2,,,5,1628977,Hamidou Diallo,1610612765.0,Detroit,Pistons,DET,0,0,,,,,,0,0,,,,,,1
0022200100,152,4,1,1,8:36 PM,0:52,,,Pistons Rebound,,,3,1610612765,,,,,,0,0,,,,,,0,0,,,,,,0
0022200100,153,3,12,1,8:37 PM,0:52,,,Diallo Free Throw 2 of 2 (5 PTS),21 - 34,13,5,1628977,Hamidou Diallo,1610612765.0,Detroit,Pistons,DET,0,0,,,,,,0,0,,,,,,1
0022200100,154,2,1,1,8:37 PM,0:37,MISS Nwora 24' 3PT Jump Shot,,,,,4,1629670,Jordan Nwora,1610612749.0,Milwaukee,Bucks,MIL,0,0,,,,,,0,0,,,,,,1
0022200100,155,4,0,1,8:37 PM,0:34,,,Diallo REBOUND (Off:0 Def:3),,,5,1628977,Hamidou Diallo,1610612765.0,Detroit,Pistons,DET,0,0,,,,,,0,0,,,,,,1
0022200100,156,2,102,1,8:37 PM,0:29,,,MISS Diallo 7' Driving Floating Bank Jump Shot,,,5,1628977,Hamidou Diallo,1610612765.0,Detroit,Pistons,DET,0,0,,,,,,0,0,,,,,,1
0022200100,157,4,0,1,8:37 PM,0:27,G. Antetokounmpo REBOUND (Off:0 Def:1),,,,,4,203507,Giannis Antetokounmpo,1610612749.0,Milwaukee,Bucks,MIL,0,0,,,,,,0,0,,,,,,1
0022200100,158,5,2,1,8:38 PM,0:09,Ibaka Lost Ball Turnover (P1.T3),,Ivey STEAL (1 STL),,,4,201586,Serge Ibaka,1610612749.0,Milwaukee,Bucks,MIL,5,1631093,Jaden Ivey,1610612765.0,Detroit,Pistons,DET,0,0,,,,,,1
0022200100,160,1,41,1,8:38 PM,0:05,,,Ivey 1' Running Layup (4 PTS),23 - 34,11,5,1631093,Jaden Ivey,1610612765.0,Detroit,Pistons,DET,0,0,,,,,,0,0,,,,,,1
0022200100,161,2,1,1,8:38 PM,0:00,MISS Nwora 27' 3PT Jump Shot,,,,,4,1629670,Jordan Nwora,1610612749.0,Milwaukee,Bucks,MIL,0,0,,,,,,0,0,,,,,,1
0022200100,162,4,0,1,8:38 PM,0:00,BUCKS Rebound,,,,,2,1610612749,,,,,,0,0,,,,,,0,0,,,,,,1
0022200100,163,13,0,1,8:38 PM,0:00,,End of 1st Period (8:38 PM EST),,23 - 34,11,0,0,,,,,,0,0,,,,,,0,0,,,,,,1
0022200100,164,12,0,2,8:41 PM,12:00,,Start of 2nd Period (8:41 PM EST),,23 - 34,11,0,0,,,,,,0,0,,,,,,0,0,,,,,,0
0022200100,165,6,1,2,8:41 PM,11:49,Hill P.FOUL (P1.T1) (R.Mott),,,,,4,201588,George Hill,1610612749.0,Milwaukee,Bucks,MIL,5,1630165,Killian Hayes,1610612765.0,Detroit,Pistons,DET,1,0,,,,,,1
0022200100,167,1,79,2,8:41 PM,11:38,,,Diallo 13' Pullup Jump Shot (7 PTS) (Noel 1 AST),25 - 34,9,5,1628977,Hamidou Diallo,1610612765.0,Detroit,Pistons,DET,5,203457,Nerlens Noel,1610612765.0,Detroit,Pistons,DET,0,0,,,,,,1
0022200100,169,1,1,2,8:42 PM,11:14,Allen 26' 3PT Jump Shot (7 PTS) (G. Antetokounmpo 1 AST),,,25 - 37,12,4,1628960,Grayson Allen,1610612749.0,Milwaukee,Bucks,MIL,4,203507,Giannis Antetokounmpo,1610612749.0,Milwaukee,Bucks,MIL,0,0,,,,,,1
0022200100,171,2,101,2,8:42 PM,10:55,,,MISS Diallo 4' Driving Floating Jump Shot,,,5,1628977,Hamidou Diallo,1610612765.0,Detroit,Pistons,DET,0,0,,,,,,0,0,,,,,,1
0022200100,172,4,0,2,8:42 PM,10:54,,,Diallo REBOUND (Off:1 Def:3),,,5,1628977,Hamidou Diallo,1610612765.0,Detroit,Pistons,DET,0,0,,,,,,0,0,,,,,,1
0022200100,267,2,97,2,8:42 PM,10:53,,,MISS Diallo 1' Tip Layup Shot,,,5,1628977,Hamidou Diallo,1610612765.0,Detroit,Pistons,DET,0,0,,,,,,0,0,,,,,,1
0022200100,268,4,0,2,8:42 PM,10:51,Hill REBOUND (Off:0 Def:1),,,,,4,201588,George Hill,1610612749.0,Milwaukee,Bucks,MIL,0,0,,,,,,0,0,,,,,,1
0022200100,173,1,102,2,8:42 PM,10:44,G. Antetokounmpo 11' Driving Floating Bank Jump Shot (6 PTS) (Hill 1 AST),,,25 - 39,14,4,203507,Giannis Antetokounmpo,1610612749.0,Milwaukee,Bucks,MIL,4,201588,George Hill,1610612749.0,Milwaukee,Bucks,MIL,0,0,,,,,,1
0022200100,175,6,2,2,8:42 PM,10:44,,,Diallo S.FOUL (P2.T1) (J.Orr),,,5,1628977,Hamidou Diallo,1610612765.0,Detroit,Pistons,DET,4,203507,Giannis Antetokounmpo,1610612749.0,Milwaukee,Bucks,MIL,1,0,,,,,,1
0022200100,177,8,0,2,8:43 PM,10:44,SUB: Holiday FOR Nwora,,,,,4,1629670,Jordan Nwora,1610612749.0,Milwaukee,Bucks,MIL,4,201950,Jrue Holiday,1610612749.0,Milwaukee,Bucks,MIL,0,0,,,,,,0
0022200100,178,8,0,2,8:43 PM,10:44,SUB: Lopez FOR Ibaka,,,,,4,201586,Serge Ibaka,1610612749.0,Milwaukee,Bucks,MIL,4,201572,Brook Lopez,1610612749.0,Milwaukee,Bucks,MIL,0,0,,,,,,0
0022200100,179,8,0,2,8:43 PM,10:44,,,SUB: Stewart FOR Noel,,,5,203457,Nerlens Noel,1610612765.0,Detroit,Pistons,DET,5,1630191,Isaiah Stewart,1610612765.0,Detroit,Pistons,DET,0,0,,,,,,0
0022200100,180,8,0,2,8:43 PM,10:44,,,SUB: Bogdanovic FOR Diallo,,,5,1628977,Hamidou Diallo,1610612765.0,Detroit,Pistons,DET,5,202711,Bojan Bogdanovic,1610612765.0,Detroit,Pistons,DET,0,0,,,,,,0
0022200100,185,3,10,2,8:43 PM,10:44,G. Antetokounmpo Free Throw 1 of 1 (7 PTS),,,25 - 40,15,4,203507,Giannis Antetokounmpo,1610612749.0,Milwaukee,Bucks,MIL,0,0,,,,,,0,0,,,,,,1
0022200100,186,1,1,2,8:43 PM,10:32,,,Bogdanovic 26' 3PT Jump Shot (5 PTS) (Hayes 1 AST),28 - 40,12,5,202711,Bojan Bogdanovic,1610612765.0,Detroit,Pistons,DET,5,1630165,Killian Hayes,1610612765.0,Detroit,Pistons,DET,0,0,,,,,,1
0022200100,188,1,57,2,8:44 PM,10:10,G. Antetokounmpo 6' Driving Hook Shot (9 PTS) (Hill 2 AST),,,28 - 42,14,4,203507,Giannis Antetokounmpo,1610612749.0,Milwaukee,Bucks,MIL,4,201588,George Hill,1610612749.0,Milwaukee,Bucks,MIL,0,0,,,,,,1
0022200100,190,1,6,2,8:44 PM,9:58,,,Bogdanovic 5' Driving Layup (7 PTS),30 - 42,12,5,202711,Bojan Bogdanovic,1610612765.0,Detroit,Pistons,DET,0,0,,,,,,0,0,,,,,,1
0022200100,191,1,73,2,8:44 PM,9:40,G. Antetokounmpo 1' Driving Reverse Layup (11 PTS) (Allen 2 AST),,,30 - 44,14,4,203507,Giannis Antetokounmpo,1610612749.0,Milwaukee,Bucks,MIL,4,1628960,Grayson Allen,1610612749.0,Milwaukee,Bucks,MIL,0,0,,,,,,1
0022200100,192,1,108,2,8:44 PM,9:29,,,Ivey 1' Cutting Dunk Shot (6 PTS) (Hayes 2 AST),32 - 44,12,5,1631093,Jaden Ivey,1610612765.0,Detroit,Pistons,DET,5,1630165,Killian Hayes,1610612765.0,Detroit,Pistons,DET,0,0,,,,,,1
0022200100,194,6,17,2,8:45 PM,9:11,,,Pistons T.Foul (Def. 3 Sec Livers ) (D.Taylor),,,5,1630587,Isaiah Livers,1610612765.0,Detroit,Pistons,DET,0,0,,,,,,1,0,,,,,,1
0022200100,195,3,16,2,8:45 PM,9:11,Allen Free Throw Technical (8 PTS),,,32 - 45,13,4,1628960,Grayson Allen,1610612749.0,Milwaukee,Bucks,MIL,0,0,,,,,,0,0,,,,,,1
0022200100,196,8,0,2,8:45 PM,9:11,SUB: Beauchamp FOR Hill,,,,,4,201588,George Hill,1610612749.0,Milwaukee,Bucks,MIL,4,1630699,MarJon Beauchamp,1610612749.0,Milwaukee,Bucks,MIL,0,0,,,,,,0
0022200100,198,2,1,2,8:46 PM,8:57,MISS Beauchamp 3PT Jump Shot,,,,,4,1630699,MarJon Beauchamp,1610612749.0,Milwaukee,Bucks,MIL,0,0,,,,,,0,0,,,,,,1
0022200100,199,4,0,2,8:46 PM,8:54,,,Hayes REBOUND (Off:0 Def:1),,,5,1630165,Killian Hayes,1610612765.0,Detroit,Pistons,DET,0,0,,,,,,0,0,,,,,,1
0022200100,200,5,40,2,8:46 PM,8:53,,,Hayes Out of Bounds Lost Ball Turnover (P1.T5),,,5,1630165,Killian Hayes,1610612765.0,Detroit,Pistons,DET,0,0,,,,,,0,0,,,,,,1
0022200100,201,2,57,2,8:46 PM,8:37,MISS G. Antetokounmpo 11' Driving Hook Shot,,,,,4,203507,Giannis Antetokounmpo,1610612749.0,Milwaukee,Bucks,MIL,0,0,,,,,,0,0,,,,,,1
0022200100,202,4,0,2,8:46 PM,8:35,,,Hayes REBOUND (Off:0 Def:2),,,5,1630165,Killian Hayes,1610612765.0,Detroit,Pistons,DET,0,0,,,,,,0,0,,,,,,1
0022200100,203,2,101,2,8:46 PM,8:28,Beauchamp BLOCK (1 BLK),,MISS Bogdanovic 5' Driving Floating Jump Shot,,,5,202711,Bojan Bogdanovic,1610612765.0,Detroit,Pistons,DET,0,0,,,,,,4,1630699,MarJon Beauchamp,1610612749.0,Milwaukee,Bucks,MIL,1
0022200100,204,4,0,2,8:46 PM,8:25,,,Stewart REBOUND (Off:2 Def:1),,,5,1630191,Isaiah Stewart,1610612765.0,Detroit,Pistons,DET,0,0,,,,,,0,0,,,,,,1
0022200100,205,1,1,2,8:46 PM,8:23,,,Livers 24' 3PT Jump Shot (3 PTS) (Stewart 1 AST),35 - 45,10,5,1630587,Isaiah Livers,1610612765.0,Detroit,Pistons,DET,5,1630191,Isaiah Stewart,1610612765.0,Detroit,Pistons,DET,0,0,,,,,,1
0022200100,207,6,2,2,8:47 PM,8:09,,,Stewart S.FOUL (P2.T2) (R.Mott),,,5,1630191,Isaiah Stewart,1610612765.0,Detroit,Pistons,DET,4,201950,Jrue Holiday,1610612749.0,Milwaukee,Bucks,MIL,1,0,,,,,,1
0022200100,209,3,11,2,8:47 PM,8:09,Holiday Free Throw 1 of 2 (14 PTS),,,35 - 46,11,4,201950,Jrue Holiday,1610612749.0,Milwaukee,Bucks,MIL,0,0,,,,,,0,0,,,,,,1
0022200100,211,8,0,2,8:47 PM,8:09,SUB: Carter FOR Allen,,,,,4,1628960,Grayson Allen,1610612749.0,Milwaukee,Bucks,MIL,4,1628975,Jevon Carter,1610612749.0,Milwaukee,Bucks,MIL,0,0,,,,,,0
0022200100,213,3,12,2,8:47 PM,8:09,Holiday Free Throw 2 of 2 (15 PTS),,,35 - 47,12,4,201950,Jrue Holiday,1610612749.0,Milwaukee,Bucks,MIL,0,0,,,,,,0,0,,,,,,1
0022200100,214,2,101,2,8:48 PM,7:56,,,MISS Hayes 3' Driving Floating Jump Shot,,,5,1630165,Killian Hayes,1610612765.0,Detroit,Pistons,DET,0,0,,,,,,0,0,,,,,,1
0022200100,215,4,0,2,8:48 PM,7:53,Lopez REBOUND (Off:0 Def:2),,,,,4,201572,Brook Lopez,1610612749.0,Milwaukee,Bucks,MIL,0,0,,,,,,0,0,,,,,,1
0022200100,216,6,17,2,8:48 PM,7:44,,,Pistons T.Foul (Def. 3 Sec Bogdanovic ) (J.Orr),,,5,202711,Bojan Bogdanovic,1610612765.0,Detroit,Pistons,DET,0,0,,,,,,1,0,,,,,,1
0022200100,217,3,16,2,8:48 PM,7:44,Holiday Free Throw Technical (16 PTS),,,35 - 48,13,4,201950,Jrue Holiday,1610612749.0,Milwaukee,Bucks,MIL,0,0,,,,,,0,0,,,,,,1
0022200100,218,8,0,2,8:48 PM,7:44,,,SUB: Cunningham FOR Hayes,,,5,1630165,Killian Hayes,1610612765.0,Detroit,Pistons,DET,5,1630595,Cade Cunningham,1610612765.0,Detroit,Pistons,DET,0,0,,,,,,0
0022200100,220,5,45,2,8:49 PM,7:34,G. Antetokounmpo Out of Bounds - Bad Pass Turnover Turnover (P1.T4),,,,,4,203507,Giannis Antetokounmpo,1610612749.0,Milwaukee,Bucks,MIL,0,0,,,,,,1,0,,,,,,1
0022200100,221,2,79,2,8:49 PM,7:20,,,MISS Cunningham 12' Pullup Jump Shot,,,5,1630595,Cade Cunningham,1610612765.0,Detroit,Pistons,DET,0,0,,,,,,0,0,,,,,,1
0022200100,222,4,0,2,8:49 PM,7:17,Beauchamp REBOUND (Off:0 Def:1),,,,,4,1630699,MarJon Beauchamp,1610612749.0,Milwaukee,Bucks,MIL,0,0,,,,,,0,0,,,,,,1
0022200100,223,2,74,2,8:49 PM,7:14,MISS Beauchamp 1' Running Reverse Layup,,,,,4,1630699,MarJon Beauchamp,1610612749.0,Milwaukee,Bucks,MIL,0,0,,,,,,0,0,,,,,,1
0022200100,224,4,0,2,8:49 PM,7:14,,,Ivey REBOUND (Off:1 Def:1),,,5,1631093,Jaden Ivey,1610612765.0,Detroit,Pistons,DET,0,0,,,,,,0,0,,,,,,1
0022200100,225,1,108,2,8:49 PM,7:02,,,Stewart Cutting Dunk Shot (4 PTS) (Ivey 1 AST),37 - 48,11,5,1630191,Isaiah Stewart,1610612765.0,Detroit,Pistons,DET,5,1631093,Jaden Ivey,1610612765.0,Detroit,Pistons,DET,0,0,,,,,,1
0022200100,227,9,1,2,8:50 PM,6:54,BUCKS Timeout: Regular (Full 2 Short 0),,,,,2,1610612749,,,,,,0,0,,,,,,0,0,,,,,,0
0022200100,228,8,0,2,8:52 PM,6:54,SUB: Portis FOR G. Antetokounmpo,,,,,4,203507,Giannis Antetokounmpo,1610612749.0,Milwaukee,Bucks,MIL,4,1626171,Bobby Portis,1610612749.0,Milwaukee,Bucks,MIL,0,0,,,,,,0
0022200100,229,8,0,2,8:52 PM,6:54,,,SUB: Bey FOR Livers,,,5,1630587,Isaiah Livers,1610612765.0,Detroit,Pistons,DET,5,1630180,Saddiq Bey,1610612765.0,Detroit,Pistons,DET,0,0,,,,,,0
0022200100,232,1,78,2,8:53 PM,6:39,Lopez 13' Floating Jump Shot (7 PTS) (Carter 1 AST),,,37 - 50,13,4,201572,Brook Lopez,1610612749.0,Milwaukee,Bucks,MIL,4,1628975,Jevon Carter,1610612749.0,Milwaukee,Bucks,MIL,0,0,,,,,,1
0022200100,234,5,8,2,8:53 PM,6:28,,,Bogdanovic 3 Second Violation Turnover (P1.T6),,,5,202711,Bojan Bogdanovic,1610612765.0,Detroit,Pistons,DET,0,0,,,,,,1,0,,,,,,1
0022200100,235,2,98,2,8:54 PM,6:17,MISS Lopez 5' Cutting Layup Shot,,,,,4,201572,Brook Lopez,1610612749.0,Milwaukee,Bucks,MIL,0,0,,,,,,0,0,,,,,,1
0022200100,236,4,0,2,8:54 PM,6:14,Lopez REBOUND (Off:1 Def:2),,,,,4,201572,Brook Lopez,1610612749.0,Milwaukee,Bucks,MIL,0,0,,,,,,0,0,,,,,,1
0022200100,237,1,87,2,8:54 PM,6:14,Lopez Putback Dunk (9 PTS),,,37 - 52,15,4,201572,Brook Lopez,1610612749.0,Milwaukee,Bucks,MIL,0,0,,,,,,0,0,,,,,,1
0022200100,238,2,1,2,8:54 PM,6:01,Lopez BLOCK (1 BLK),,MISS Bogdanovic 14' Jump Shot,,,5,202711,Bojan Bogdanovic,1610612765.0,Detroit,Pistons,DET,0,0,,,,,,4,201572,Brook Lopez,1610612749.0,Milwaukee,Bucks,MIL,1
0022200100,240,4,0,2,8:54 PM,5:57,,,Bogdanovic REBOUND (Off:1 Def:0),,,5,202711,Bojan Bogdanovic,1610612765.0,Detroit,Pistons,DET,0,0,,,,,,0,0,,,,,,1
0022200100,241,1,1,2,8:54 PM,5:55,,,Cunningham 26' 3PT Jump Shot (13 PTS) (Bogdanovic 1 AST),40 - 52,12,5,1630595,Cade Cunningham,1610612765.0,Detroit,Pistons,DET,5,202711,Bojan Bogdanovic,1610612765.0,Detroit,Pistons,DET,0,0,,,,,,1
0022200100,244,2,58,2,8:54 PM,5:39,MISS Lopez 5' Turnaround Hook Shot,,,,,4,201572,Brook Lopez,1610612749.0,Milwaukee,Bucks,MIL,0,0,,,,,,0,0,,,,,,1
0022200100,245,4,0,2,8:54 PM,5:37,,,Ivey REBOUND (Off:1 Def:2),,,5,1631093,Jaden Ivey,1610612765.0,Detroit,Pistons,DET,0,0,,,,,,0,0,,,,,,1
0022200100,246,1,1,2,8:55 PM,5:31,,,Ivey 12' Jump Shot (8 PTS),42 - 52,10,5,1631093,Jaden Ivey,1610612765.0,Detroit,Pistons,DET,0,0,,,,,,0,0,,,,,,1
0022200100,247,6,2,2,8:55 PM,5:31,Carter S.FOUL (P1.T2) (J.Orr),,,,,4,1628975,Jevon Carter,1610612749.0,Milwaukee,Bucks,MIL,5,1631093,Jaden Ivey,1610612765.0,Detroit,Pistons,DET,1,0,,,,,,1
0022200100,249,8,0,2,8:55 PM,5:31,SUB: Matthews FOR Beauchamp,,,,,4,1630699,MarJon Beauchamp,1610612749.0,Milwaukee,Bucks,MIL,4,202083,Wesley Matthews,1610612749.0,Milwaukee,Bucks,MIL,0,0,,,,,,0
0022200100,251,3,10,2,8:55 PM,5:31,,,MISS Ivey Free Throw 1 of 1,,,5,1631093,Jaden Ivey,1610612765.0,Detroit,Pistons,DET,0,0,,,,,,0,0,,,,,,1
0022200100,252,4,0,2,8:55 PM,5:27,,,Ivey REBOUND (Off:2 Def:2),,,5,1631093,Jaden Ivey,1610612765.0,Detroit,Pistons,DET,0,0,,,,,,0,0,,,,,,1
0022200100,253,2,1,2,8:55 PM,5:23,,,MISS Stewart 26' 3PT Jump Shot,,,5,1630191,Isaiah Stewart,1610612765.0,Detroit,Pistons,DET,0,0,,,,,,0,0,,,,,,1
0022200100,254,4,0,2,8:55 PM,5:23,Portis REBOUND (Off:1 Def:3),,,,,4,1626171,Bobby Portis,1610612749.0,Milwaukee,Bucks,MIL,0,0,,,,,,0,0,,,,,,1
0022200100,255,2,47,2,8:56 PM,5:06,MISS Portis 11' Turnaround Jump Shot,,,,,4,1626171,Bobby Portis,1610612749.0,Milwaukee,Bucks,MIL,0,0,,,,,,0,0,,,,,,1
0022200100,256,4,0,2,8:56 PM,5:03,,,Stewart REBOUND (Off:2 Def:2),,,5,1630191,Isaiah Stewart,1610612765.0,Detroit,Pistons,DET,0,0,,,,,,0,0,,,,,,1
0022200100,257,2,98,2,8:56 PM,4:50,,,MISS Stewart 2' Cutting Layup Shot,,,5,1630191,Isaiah Stewart,1610612765.0,Detroit,Pistons,DET,0,0,,,,,,0,0,,,,,,1
0022200100,258,4,0,2,8:56 PM,4:48,Holiday REBOUND (Off:0 Def:3),,,,,4,201950,Jrue Holiday,1610612749.0,Milwaukee,Bucks,MIL,0,0,,,,,,0,0,,,,,,1
0022200100,259,1,41,2,8:56 PM,4:44,Portis 1' Running Layup (9 PTS) (Holiday 3 AST),,,42 - 54,12,4,1626171,Bobby Portis,1610612749.0,Milwaukee,Bucks,MIL,4,201950,Jrue Holiday,1610612749.0,Milwaukee,Bucks,MIL,0,0,,,,,,1
0022200100,261,9,1,2,8:56 PM,4:44,,,Pistons Timeout: Regular (Reg.2 Short 0),,,3,1610612765,,,,,,0,0,,,,,,0,0,,,,,,0
0022200100,262,1,101,2,8:59 PM,4:25,,,Cunningham 10' Driving Floating Jump Shot (15 PTS) (Stewart 2 AST),44 - 54,10,5,1630595,Cade Cunningham,1610612765.0,Detroit,Pistons,DET,5,1630191,Isaiah Stewart,1610612765.0,Detroit,Pistons,DET,0,0,,,,,,1
0022200100,264,6,4,2,8:59 PM,4:16,Lopez OFF.Foul (P1) (J.Orr),,,,,4,201572,Brook Lopez,1610612749.0,Milwaukee,Bucks,MIL,5,1630595,Cade Cunningham,1610612765.0,Detroit,Pistons,DET,1,0,,,,,,1
0022200100,266,5,37,2,8:59 PM,4:16,Lopez Offensive Foul Turnover (P1.T5),,,,,4,201572,Brook Lopez,1610612749.0,Milwaukee,Bucks,MIL,0,0,,,,,,1,0,,,,,,1
0022200100,269,6,1,2,9:00 PM,4:06,Lopez P.FOUL (P2.T3) (D.Taylor),,,,,4,201572,Brook Lopez,1610612749.0,Milwaukee,Bucks,MIL,5,1630191,Isaiah Stewart,1610612765.0,Detroit,Pistons,DET,1,0,,,,,,1
0022200100,271,2,1,2,9:00 PM,4:00,,,MISS Bogdanovic 26' 3PT Jump Shot,,,5,202711,Bojan Bogdanovic,1610612765.0,Detroit,Pistons,DET,0,0,,,,,,0,0,,,,,,1
0022200100,272,4,0,2,9:00 PM,3:57,Portis REBOUND (Off:1 Def:4),,,,,4,1626171,Bobby Portis,1610612749.0,Milwaukee,Bucks,MIL,0,0,,,,,,0,0,,,,,,1
0022200100,273,2,1,2,9:01 PM,3:42,MISS Carter 26' 3PT Jump Shot,,,,,4,1628975,Jevon Carter,1610612749.0,Milwaukee,Bucks,MIL,0,0,,,,,,0,0,,,,,,1
0022200100,274,4,0,2,9:01 PM,3:39,,,Stewart REBOUND (Off:2 Def:3),,,5,1630191,Isaiah Stewart,1610612765.0,Detroit,Pistons,DET,0,0,,,,,,0,0,,,,,,1
0022200100,275,2,1,2,9:01 PM,3:32,,,MISS Cunningham 28' 3PT Jump Shot,,,5,1630595,Cade Cunningham,1610612765.0,Detroit,Pistons,DET,0,0,,,,,,0,0,,,,,,1
0022200100,276,4,0,2,9:01 PM,3:28,Lopez REBOUND (Off:1 Def:3),,,,,4,201572,Brook Lopez,1610612749.0,Milwaukee,Bucks,MIL,0,0,,,,,,0,0,,,,,,1
0022200100,277,2,80,2,9:01 PM,3:23,MISS Holiday 27' 3PT Step Back Jump Shot,,,,,4,201950,Jrue Holiday,1610612749.0,Milwaukee,Bucks,MIL,0,0,,,,,,0,0,,,,,,1
0022200100,278,4,0,2,9:01 PM,3:21,,,Ivey REBOUND (Off:2 Def:3),,,5,1631093,Jaden Ivey,1610612765.0,Detroit,Pistons,DET,0,0,,,,,,0,0,,,,,,1
0022200100,279,5,2,2,9:01 PM,3:04,Carter STEAL (1 STL),,Ivey Lost Ball Turnover (P2.T7),,,5,1631093,Jaden Ivey,1610612765.0,Detroit,Pistons,DET,4,1628975,Jevon Carter,1610612749.0,Milwaukee,Bucks,MIL,0,0,,,,,,1
0022200100,281,1,2,2,9:01 PM,2:58,Matthews 3PT Running Jump Shot (3 PTS) (Holiday 4 AST),,,44 - 57,13,4,202083,Wesley Matthews,1610612749.0,Milwaukee,Bucks,MIL,4,201950,Jrue Holiday,1610612749.0,Milwaukee,Bucks,MIL,0,0,,,,,,1
0022200100,283,6,4,2,9:02 PM,2:47,,,Stewart OFF.Foul (P3) (D.Taylor),,,5,1630191,Isaiah Stewart,1610612765.0,Detroit,Pistons,DET,4,201950,Jrue Holiday,1610612749.0,Milwaukee,Bucks,MIL,1,0,,,,,,1
0022200100,285,5,37,2,9:02 PM,2:47,,,Stewart Offensive Foul Turnover (P2.T8),,,5,1630191,Isaiah Stewart,1610612765.0,Detroit,Pistons,DET,0,0,,,,,,1,0,,,,,,1
0022200100,286,8,0,2,9:02 PM,2:47,SUB: Hill FOR Carter,,,,,4,1628975,Jevon Carter,1610612749.0,Milwaukee,Bucks,MIL,4,201588,George Hill,1610612749.0,Milwaukee,Bucks,MIL,0,0,,,,,,0
0022200100,287,8,0,2,9:02 PM,2:47,SUB: Allen FOR Lopez,,,,,4,201572,Brook Lopez,1610612749.0,Milwaukee,Bucks,MIL,4,1628960,Grayson Allen,1610612749.0,Milwaukee,Bucks,MIL,0,0,,,,,,0
0022200100,288,8,0,2,9:02 PM,2:47,SUB: G. Antetokounmpo FOR Holiday,,,,,4,201950,Jrue Holiday,1610612749.0,Milwaukee,Bucks,MIL,4,203507,Giannis Antetokounmpo,1610612749.0,Milwaukee,Bucks,MIL,0,0,,,,,,0
0022200100,289,8,0,2,9:02 PM,2:47,,,SUB: Livers FOR Ivey,,,5,1631093,Jaden Ivey,1610612765.0,Detroit,Pistons,DET,5,1630587,Isaiah Livers,1610612765.0,Detroit,Pistons,DET,0,0,,,,,,0
0022200100,290,8,0,2,9:02 PM,2:47,,,SUB: Noel FOR Stewart,,,5,1630191,Isaiah Stewart,1610612765.0,Detroit,Pistons,DET,5,203457,Nerlens Noel,1610612765.0,Detroit,Pistons,DET,0,0,,,,,,0
0022200100,296,2,1,2,9:02 PM,2:37,MISS G. Antetokounmpo 26' 3PT Jump Shot,,,,,4,203507,Giannis Antetokounmpo,1610612749.0,Milwaukee,Bucks,MIL,0,0,,,,,,0,0,,,,,,1
0022200100,297,4,0,2,9:02 PM,2:34,,,Bey REBOUND (Off:0 Def:1),,,5,1630180,Saddiq Bey,1610612765.0,Detroit,Pistons,DET,0,0,,,,,,0,0,,,,,,1
0022200100,298,1,63,2,9:03 PM,2:25,,,Cunningham 10' Fadeaway Jumper (17 PTS),46 - 57,11,5,1630595,Cade Cunningham,1610612765.0,Detroit,Pistons,DET,0,0,,,,,,0,0,,,,,,1
0022200100,299,6,1,2,9:03 PM,2:15,,,Cunningham P.FOUL (P2.T3) (R.Mott),,,5,1630595,Cade Cunningham,1610612765.0,Detroit,Pistons,DET,4,201588,George Hill,1610612749.0,Milwaukee,Bucks,MIL,1,0,,,,,,1
0022200100,301,5,1,2,9:03 PM,2:07,Allen Bad Pass Turnover (P2.T6),,Noel STEAL (1 STL),,,4,1628960,Grayson Allen,1610612749.0,Milwaukee,Bucks,MIL,5,203457,Nerlens Noel,1610612765.0,Detroit,Pistons,DET,0,0,,,,,,1
0022200100,303,2,79,2,9:03 PM,2:01,,,MISS Cunningham 26' 3PT Pullup Jump Shot,,,5,1630595,Cade Cunningham,1610612765.0,Detroit,Pistons,DET,0,0,,,,,,0,0,,,,,,1
0022200100,304,4,0,2,9:03 PM,1:58,G. Antetokounmpo REBOUND (Off:0 Def:2),,,,,4,203507,Giannis Antetokounmpo,1610612749.0,Milwaukee,Bucks,MIL,0,0,,,,,,0,0,,,,,,1
0022200100,305,2,1,2,9:04 PM,1:45,MISS Hill 26' 3PT Jump Shot,,,,,4,201588,George Hill,1610612749.0,Milwaukee,Bucks,MIL,0,0,,,,,,0,0,,,,,,1
0022200100,306,4,0,2,9:04 PM,1:42,,,Livers REBOUND (Off:0 Def:1),,,5,1630587,Isaiah Livers,1610612765.0,Detroit,Pistons,DET,0,0,,,,,,0,0,,,,,,1
0022200100,307,1,6,2,9:04 PM,1:36,,,Bey 1' Driving Layup (2 PTS),48 - 57,9,5,1630180,Saddiq Bey,1610612765.0,Detroit,Pistons,DET,0,0,,,,,,0,0,,,,,,1
0022200100,308,1,1,2,9:04 PM,1:17,Portis 26' 3PT Jump Shot (12 PTS) (G. Antetokounmpo 2 AST),,,48 - 60,12,4,1626171,Bobby Portis,1610612749.0,Milwaukee,Bucks,MIL,4,203507,Giannis Antetokounmpo,1610612749.0,Milwaukee,Bucks,MIL,0,0,,,,,,1
0022200100,310,1,75,2,9:04 PM,0:59,,,Bey 1' Driving Finger Roll Layup (4 PTS),50 - 60,10,5,1630180,Saddiq Bey,1610612765.0,Detroit,Pistons,DET,0,0,,,,,,0,0,,,,,,1
0022200100,311,5,4,2,9:05 PM,0:48,Allen Traveling Turnover (P3.T7),,,,,4,1628960,Grayson Allen,1610612749.0,Milwaukee,Bucks,MIL,0,0,,,,,,1,0,,,,,,1
0022200100,312,1,5,2,9:05 PM,0:37,,,Cunningham 1' Layup (19 PTS),52 - 60,8,5,1630595,Cade Cunningham,1610612765.0,Detroit,Pistons,DET,0,0,,,,,,0,0,,,,,,1
0022200100,313,6,26,2,9:05 PM,0:34,G. Antetokounmpo Offensive Charge Foul (P2) (R.Mott),,,,,4,203507,Giannis Antetokounmpo,1610612749.0,Milwaukee,Bucks,MIL,5,203457,Nerlens Noel,1610612765.0,Detroit,Pistons,DET,1,0,,,,,,1
0022200100,315,5,37,2,9:05 PM,0:34,G. Antetokounmpo Offensive Foul Turnover (P2.T8),,,,,4,203507,Giannis Antetokounmpo,1610612749.0,Milwaukee,Bucks,MIL,0,0,,,,,,1,0,,,,,,1
0022200100,316,2,75,2,9:06 PM,0:15,,,MISS Cunningham 2' Driving Finger Roll Layup,,,5,1630595,Cade Cunningham,1610612765.0,Detroit,Pistons,DET,0,0,,,,,,0,0,,,,,,1
0022200100,317,4,0,2,9:06 PM,0:13,,,Pistons Rebound,,,3,1610612765,,,,,,0,0,,,,,,0,0,,,,,,0
0022200100,319,8,0,2,9:06 PM,0:13,SUB: Lopez FOR G. Antetokounmpo,,,,,4,203507,Giannis Antetokounmpo,1610612749.0,Milwaukee,Bucks,MIL,4,201572,Brook Lopez,1610612749.0,Milwaukee,Bucks,MIL,0,0,,,,,,0
0022200100,321,2,1,2,9:07 PM,0:01,,,MISS Bey 29' 3PT Jump Shot,,,5,1630180,Saddiq Bey,1610612765.0,Detroit,Pistons,DET,0,0,,,,,,0,0,,,,,,1
0022200100,322,4,0,2,9:07 PM,0:01,,,Pistons Rebound,,,3,1610612765,,,,,,0,0,,,,,,0,0,,,,,,1
0022200100,323,13,0,2,9:07 PM,0:00,,End of 2nd Period (9:07 PM EST),,52 - 60,8,0,0,,,,,,0,0,,,,,,0,0,,,,,,1
0022200100,334,12,0,3,9:22 PM,12:00,,Start of 3rd Period (9:22 PM EST),,52 - 60,8,0,0,,,,,,0,0,,,,,,0,0,,,,,,0
0022200100,335,2,98,3,9:22 PM,11:48,G. Antetokounmpo BLOCK (1 BLK),,MISS Stewart 6' Cutting Layup Shot,,,5,1630191,Isaiah Stewart,1610612765.0,Detroit,Pistons,DET,0,0,,,,,,4,203507,Giannis Antetokounmpo,1610612749.0,Milwaukee,Bucks,MIL,1
0022200100,337,4,0,3,9:22 PM,11:47,,,Cunningham REBOUND (Off:1 Def:3),,,5,1630595,Cade Cunningham,1610612765.0,Detroit,Pistons,DET,0,0,,,,,,0,0,,,,,,1
0022200100,338,1,1,3,9:22 PM,11:44,,,Bogdanovic 24' 3PT Jump Shot (10 PTS) (Cunningham 2 AST),55 - 60,5,5,202711,Bojan Bogdanovic,1610612765.0,Detroit,Pistons,DET,5,1630595,Cade Cunningham,1610612765.0,Detroit,Pistons,DET,0,0,,,,,,1
0022200100,340,5,1,3,9:23 PM,11:18,Allen Bad Pass Turnover (P4.T9),,Bey STEAL (2 STL),,,4,1628960,Grayson Allen,1610612749.0,Milwaukee,Bucks,MIL,5,1630180,Saddiq Bey,1610612765.0,Detroit,Pistons,DET,0,0,,,,,,1
0022200100,342,1,41,3,9:23 PM,11:17,,,Bey 1' Running Layup (6 PTS),57 - 60,3,5,1630180,Saddiq Bey,1610612765.0,Detroit,Pistons,DET,0,0,,,,,,0,0,,,,,,1
0022200100,343,6,2,3,9:23 PM,11:17,Carter S.FOUL (P2.T1) (R.Mott),,,,,4,1628975,Jevon Carter,1610612749.0,Milwaukee,Bucks,MIL,5,1630180,Saddiq Bey,1610612765.0,Detroit,Pistons,DET,1,0,,,,,,1
0022200100,345,3,10,3,9:23 PM,11:17,,,Bey Free Throw 1 of 1 (7 PTS),58 - 60,2,5,1630180,Saddiq Bey,1610612765.0,Detroit,Pistons,DET,0,0,,,,,,0,0,,,,,,1
0022200100,346,1,75,3,9:24 PM,10:56,G. Antetokounmpo 1' Driving Finger Roll Layup (13 PTS),,,58 - 62,4,4,203507,Giannis Antetokounmpo,1610612749.0,Milwaukee,Bucks,MIL,0,0,,,,,,0,0,,,,,,1
0022200100,347,1,1,3,9:24 PM,10:44,,,Bey 26' 3PT Jump Shot (10 PTS) (Cunningham 3 AST),61 - 62,1,5,1630180,Saddiq Bey,1610612765.0,Detroit,Pistons,DET,5,1630595,Cade Cunningham,1610612765.0,Detroit,Pistons,DET,0,0,,,,,,1
0022200100,349,5,1,3,9:24 PM,10:27,Holiday Bad Pass Turnover (P2.T10),,Bogdanovic STEAL (1 STL),,,4,201950,Jrue Holiday,1610612749.0,Milwaukee,Bucks,MIL,5,202711,Bojan Bogdanovic,1610612765.0,Detroit,Pistons,DET,0,0,,,,,,1
0022200100,351,2,41,3,9:24 PM,10:21,G. Antetokounmpo BLOCK (2 BLK),,MISS Cunningham 6' Running Layup,,,5,1630595,Cade Cunningham,1610612765.0,Detroit,Pistons,DET,0,0,,,,,,4,203507,Giannis Antetokounmpo,1610612749.0,Milwaukee,Bucks,MIL,1
0022200100,352,4,0,3,9:24 PM,10:17,Carter REBOUND (Off:0 Def:2),,,,,4,1628975,Jevon Carter,1610612749.0,Milwaukee,Bucks,MIL,0,0,,,,,,0,0,,,,,,1
0022200100,353,2,2,3,9:24 PM,10:11,MISS Allen 3PT Running Jump Shot,,,,,4,1628960,Grayson Allen,1610612749.0,Milwaukee,Bucks,MIL,0,0,,,,,,0,0,,,,,,1
0022200100,354,4,0,3,9:24 PM,10:11,G. Antetokounmpo REBOUND (Off:1 Def:2),,,,,4,203507,Giannis Antetokounmpo,1610612749.0,Milwaukee,Bucks,MIL,0,0,,,,,,0,0,,,,,,1
0022200100,355,6,2,3,9:25 PM,10:11,,,Stewart S.FOUL (P4.T1) (J.Orr),,,5,1630191,Isaiah Stewart,1610612765.0,Detroit,Pistons,DET,4,203507,Giannis Antetokounmpo,1610612749.0,Milwaukee,Bucks,MIL,1,0,,,,,,1
0022200100,357,3,11,3,9:25 PM,10:11,G. Antetokounmpo Free Throw 1 of 2 (14 PTS),,,61 - 63,2,4,203507,Giannis Antetokounmpo,1610612749.0,Milwaukee,Bucks,MIL,0,0,,,,,,0,0,,,,,,1
0022200100,358,3,12,3,9:26 PM,10:11,G. Antetokounmpo Free Throw 2 of 2 (15 PTS),,,61 - 64,3,4,203507,Giannis Antetokounmpo,1610612749.0,Milwaukee,Bucks,MIL,0,0,,,,,,0,0,,,,,,1
0022200100,359,5,4,3,9:26 PM,9:59,,,Cunningham Traveling Turnover (P3.T9),,,5,1630595,Cade Cunningham,1610612765.0,Detroit,Pistons,DET,0,0,,,,,,0,0,,,,,,1
0022200100,360,6,4,3,9:26 PM,9:55,G. Antetokounmpo OFF.Foul (P3) (R.Mott),,,,,4,203507,Giannis Antetokounmpo,1610612749.0,Milwaukee,Bucks,MIL,5,1630180,Saddiq Bey,1610612765.0,Detroit,Pistons,DET,1,0,,,,,,1
0022200100,362,5,37,3,9:26 PM,9:55,G. Antetokounmpo Offensive Foul Turnover (P3.T11),,,,,4,203507,Giannis Antetokounmpo,1610612749.0,Milwaukee,Bucks,MIL,0,0,,,,,,1,0,,,,,,1
0022200100,363,2,79,3,9:27 PM,9:47,,,MISS Cunningham 26' 3PT Pullup Jump Shot,,,5,1630595,Cade Cunningham,1610612765.0,Detroit,Pistons,DET,0,0,,,,,,0,0,,,,,,1
0022200100,364,4,0,3,9:27 PM,9:42,G. Antetokounmpo REBOUND (Off:1 Def:3),,,,,4,203507,Giannis Antetokounmpo,1610612749.0,Milwaukee,Bucks,MIL,0,0,,,,,,0,0,,,,,,1
0022200100,365,2,1,3,9:27 PM,9:33,MISS Holiday 26' 3PT Jump Shot,,,,,4,201950,Jrue Holiday,1610612749.0,Milwaukee,Bucks,MIL,0,0,,,,,,0,0,,,,,,1
0022200100,366,4,0,3,9:27 PM,9:30,,,Stewart REBOUND (Off:2 Def:4),,,5,1630191,Isaiah Stewart,1610612765.0,Detroit,Pistons,DET,0,0,,,,,,0,0,,,,,,1
0022200100,367,2,1,3,9:27 PM,9:17,,,MISS Bey 14' Jump Shot,,,5,1630180,Saddiq Bey,1610612765.0,Detroit,Pistons,DET,0,0,,,,,,0,0,,,,,,1
0022200100,368,4,0,3,9:27 PM,9:16,Carter REBOUND (Off:0 Def:3),,,,,4,1628975,Jevon Carter,1610612749.0,Milwaukee,Bucks,MIL,0,0,,,,,,0,0,,,,,,1
0022200100,370,1,6,3,9:28 PM,9:05,G. Antetokounmpo 1' Driving Layup (17 PTS),,,61 - 66,5,4,203507,Giannis Antetokounmpo,1610612749.0,Milwaukee,Bucks,MIL,0,0,,,,,,0,0,,,,,,1
0022200100,371,5,1,3,9:28 PM,8:53,Holiday STEAL (1 STL),,Cunningham Bad Pass Turnover (P4.T10),,,5,1630595,Cade Cunningham,1610612765.0,Detroit,Pistons,DET,4,201950,Jrue Holiday,1610612749.0,Milwaukee,Bucks,MIL,0,0,,,,,,1
0022200100,373,1,106,3,9:28 PM,8:49,G. Antetokounmpo 1' Running Alley Oop Dunk Shot (19 PTS) (Holiday 5 AST),,,61 - 68,7,4,203507,Giannis Antetokounmpo,1610612749.0,Milwaukee,Bucks,MIL,4,201950,Jrue Holiday,1610612749.0,Milwaukee,Bucks,MIL,0,0,,,,,,1
0022200100,375,9,1,3,9:28 PM,8:49,,,Pistons Timeout: Regular (Reg.3 Short 0),,,3,1610612765,,,,,,0,0,,,,,,0,0,,,,,,0
0022200100,376,8,0,3,9:30 PM,8:49,,,SUB: Noel FOR Stewart,,,5,1630191,Isaiah Stewart,1610612765.0,Detroit,Pistons,DET,5,203457,Nerlens Noel,1610612765.0,Detroit,Pistons,DET,0,0,,,,,,0
0022200100,378,2,6,3,9:31 PM,8:30,Lopez BLOCK (2 BLK),,MISS Bogdanovic 7' Driving Layup,,,5,202711,Bojan Bogdanovic,1610612765.0,Detroit,Pistons,DET,0,0,,,,,,4,201572,Brook Lopez,1610612749.0,Milwaukee,Bucks,MIL,1
0022200100,380,4,0,3,9:31 PM,8:25,Holiday REBOUND (Off:0 Def:4),,,,,4,201950,Jrue Holiday,1610612749.0,Milwaukee,Bucks,MIL,0,0,,,,,,0,0,,,,,,1
0022200100,381,1,50,3,9:31 PM,8:25,G. Antetokounmpo 1' Running Dunk (21 PTS) (Holiday 6 AST),,,61 - 70,9,4,203507,Giannis Antetokounmpo,1610612749.0,Milwaukee,Bucks,MIL,4,201950,Jrue Holiday,1610612749.0,Milwaukee,Bucks,MIL,0,0,,,,,,1
0022200100,383,6,11,3,9:31 PM,8:25,,,Bogdanovic T.FOUL (P2.T1) (J.Orr),,,5,202711,Bojan Bogdanovic,1610612765.0,Detroit,Pistons,DET,0,0,,,,,,1,0,,,,,,1
0022200100,384,3,16,3,9:32 PM,8:25,Allen Free Throw Technical (9 PTS),,,61 - 71,10,4,1628960,Grayson Allen,1610612749.0,Milwaukee,Bucks,MIL,0,0,,,,,,0,0,,,,,,1
0022200100,386,1,93,3,9:33 PM,8:04,,,Bogdanovic 3' Driving Bank Hook Shot (12 PTS),63 - 71,8,5,202711,Bojan Bogdanovic,1610612765.0,Detroit,Pistons,DET,0,0,,,,,,0,0,,,,,,1
0022200100,387,6,1,3,9:33 PM,8:00,,,Bey P.FOUL (P2.T2) (J.Orr),,,5,1630180,Saddiq Bey,1610612765.0,Detroit,Pistons,DET,4,201950,Jrue Holiday,1610612749.0,Milwaukee,Bucks,MIL,1,0,,,,,,1
0022200100,389,1,108,3,9:33 PM,7:52,Lopez 1' Cutting Dunk Shot (11 PTS) (Holiday 7 AST),,,63 - 73,10,4,201572,Brook Lopez,1610612749.0,Milwaukee,Bucks,MIL,4,201950,Jrue Holiday,1610612749.0,Milwaukee,Bucks,MIL,0,0,,,,,,1
0022200100,391,1,79,3,9:33 PM,7:41,,,Bogdanovic 9' Pullup Jump Shot (14 PTS) (Cunningham 4 AST),65 - 73,8,5,202711,Bojan Bogdanovic,1610612765.0,Detroit,Pistons,DET,5,1630595,Cade Cunningham,1610612765.0,Detroit,Pistons,DET,0,0,,,,,,1
0022200100,393,2,79,3,9:34 PM,7:20,MISS G. Antetokounmpo 29' 3PT Pullup Jump Shot,,,,,4,203507,Giannis Antetokounmpo,1610612749.0,Milwaukee,Bucks,MIL,0,0,,,,,,0,0,,,,,,1
0022200100,394,4,0,3,9:34 PM,7:13,Lopez REBOUND (Off:2 Def:3),,,,,4,201572,Brook Lopez,1610612749.0,Milwaukee,Bucks,MIL,0,0,,,,,,0,0,,,,,,1
0022200100,395,1,87,3,9:34 PM,7:13,Lopez Putback Dunk (13 PTS),,,65 - 75,10,4,201572,Brook Lopez,1610612749.0,Milwaukee,Bucks,MIL,0,0,,,,,,0,0,,,,,,1
0022200100,396,2,79,3,9:34 PM,7:08,,,MISS Cunningham 27' 3PT Pullup Jump Shot,,,5,1630595,Cade Cunningham,1610612765.0,Detroit,Pistons,DET,0,0,,,,,,0,0,,,,,,1
0022200100,397,4,0,3,9:34 PM,7:05,G. Antetokounmpo REBOUND (Off:1 Def:4),,,,,4,203507,Giannis Antetokounmpo,1610612749.0,Milwaukee,Bucks,MIL,0,0,,,,,,0,0,,,,,,1
0022200100,398,1,98,3,9:34 PM,6:53,Lopez 1' Cutting Layup Shot (15 PTS) (Holiday 8 AST),,,65 - 77,12,4,201572,Brook Lopez,1610612749.0,Milwaukee,Bucks,MIL,4,201950,Jrue Holiday,1610612749.0,Milwaukee,Bucks,MIL,0,0,,,,,,1
0022200100,400,2,101,3,9:34 PM,6:42,,,MISS Ivey 17' Driving Floating Jump Shot,,,5,1631093,Jaden Ivey,1610612765.0,Detroit,Pistons,DET,0,0,,,,,,0,0,,,,,,1
0022200100,401,4,0,3,9:34 PM,6:38,Lopez REBOUND (Off:2 Def:4),,,,,4,201572,Brook Lopez,1610612749.0,Milwaukee,Bucks,MIL,0,0,,,,,,0,0,,,,,,1
0022200100,402,1,6,3,9:34 PM,6:34,G. Antetokounmpo Driving Layup (23 PTS),,,65 - 79,14,4,203507,Giannis Antetokounmpo,1610612749.0,Milwaukee,Bucks,MIL,0,0,,,,,,0,0,,,,,,1
0022200100,404,8,0,3,9:35 PM,6:13,SUB: Portis FOR Allen,,,,,4,1628960,Grayson Allen,1610612749.0,Milwaukee,Bucks,MIL,4,1626171,Bobby Portis,1610612749.0,Milwaukee,Bucks,MIL,0,0,,,,,,0
0022200100,407,2,1,3,9:35 PM,6:07,,,MISS Bey 16' Jump Shot,,,5,1630180,Saddiq Bey,1610612765.0,Detroit,Pistons,DET,0,0,,,,,,0,0,,,,,,1
0022200100,408,4,0,3,9:35 PM,6:05,Portis REBOUND (Off:1 Def:5),,,,,4,1626171,Bobby Portis,1610612749.0,Milwaukee,Bucks,MIL,0,0,,,,,,0,0,,,,,,1
0022200100,409,2,1,3,9:35 PM,5:57,MISS Lopez 26' 3PT Jump Shot,,,,,4,201572,Brook Lopez,1610612749.0,Milwaukee,Bucks,MIL,0,0,,,,,,0,0,,,,,,1
0022200100,410,4,0,3,9:36 PM,5:55,Holiday REBOUND (Off:1 Def:4),,,,,4,201950,Jrue Holiday,1610612749.0,Milwaukee,Bucks,MIL,0,0,,,,,,0,0,,,,,,1
0022200100,411,6,3,3,9:36 PM,5:54,,,Bey L.B.FOUL (P3.T3) (D.Taylor),,,5,1630180,Saddiq Bey,1610612765.0,Detroit,Pistons,DET,4,1628975,Jevon Carter,1610612749.0,Milwaukee,Bucks,MIL,1,0,,,,,,1
0022200100,413,8,0,3,9:36 PM,5:54,SUB: Nwora FOR G. Antetokounmpo,,,,,4,203507,Giannis Antetokounmpo,1610612749.0,Milwaukee,Bucks,MIL,4,1629670,Jordan Nwora,1610612749.0,Milwaukee,Bucks,MIL,0,0,,,,,,0
0022200100,415,8,0,3,9:36 PM,5:54,,,SUB: Diallo FOR Ivey,,,5,1631093,Jaden Ivey,1610612765.0,Detroit,Pistons,DET,5,1628977,Hamidou Diallo,1610612765.0,Detroit,Pistons,DET,0,0,,,,,,0
0022200100,416,8,0,3,9:36 PM,5:54,,,SUB: Hayes FOR Bey,,,5,1630180,Saddiq Bey,1610612765.0,Detroit,Pistons,DET,5,1630165,Killian Hayes,1610612765.0,Detroit,Pistons,DET,0,0,,,,,,0
0022200100,419,2,1,3,9:37 PM,5:38,MISS Portis 27' 3PT Jump Shot,,,,,4,1626171,Bobby Portis,1610612749.0,Milwaukee,Bucks,MIL,0,0,,,,,,0,0,,,,,,1
0022200100,420,4,0,3,9:37 PM,5:36,Portis REBOUND (Off:2 Def:5),,,,,4,1626171,Bobby Portis,1610612749.0,Milwaukee,Bucks,MIL,0,0,,,,,,0,0,,,,,,1
0022200100,421,6,2,3,9:37 PM,5:30,,,Hayes S.FOUL (P1.T4) (R.Mott),,,5,1630165,Killian Hayes,1610612765.0,Detroit,Pistons,DET,4,1626171,Bobby Portis,1610612749.0,Milwaukee,Bucks,MIL,1,0,,,,,,1
0022200100,423,3,11,3,9:37 PM,5:30,MISS Portis Free Throw 1 of 2,,,,,4,1626171,Bobby Portis,1610612749.0,Milwaukee,Bucks,MIL,0,0,,,,,,0,0,,,,,,1
0022200100,424,4,1,3,9:37 PM,5:30,BUCKS Rebound,,,,,2,1610612749,,,,,,0,0,,,,,,0,0,,,,,,0
0022200100,425,3,12,3,9:37 PM,5:30,Portis Free Throw 2 of 2 (13 PTS),,,65 - 80,15,4,1626171,Bobby Portis,1610612749.0,Milwaukee,Bucks,MIL,0,0,,,,,,0,0,,,,,,1
0022200100,426,1,108,3,9:38 PM,5:15,,,Diallo 2' Cutting Dunk Shot (9 PTS) (Hayes 3 AST),67 - 80,13,5,1628977,Hamidou Diallo,1610612765.0,Detroit,Pistons,DET,5,1630165,Killian Hayes,1610612765.0,Detroit,Pistons,DET,0,0,,,,,,1
0022200100,428,1,98,3,9:38 PM,4:58,Lopez 1' Cutting Layup Shot (17 PTS) (Holiday 9 AST),,,67 - 82,15,4,201572,Brook Lopez,1610612749.0,Milwaukee,Bucks,MIL,4,201950,Jrue Holiday,1610612749.0,Milwaukee,Bucks,MIL,0,0,,,,,,1
0022200100,430,2,102,3,9:38 PM,4:44,,,MISS Hayes 7' Driving Floating Bank Jump Shot,,,5,1630165,Killian Hayes,1610612765.0,Detroit,Pistons,DET,0,0,,,,,,0,0,,,,,,1
0022200100,431,4,0,3,9:38 PM,4:41,Holiday REBOUND (Off:1 Def:5),,,,,4,201950,Jrue Holiday,1610612749.0,Milwaukee,Bucks,MIL,0,0,,,,,,0,0,,,,,,1
0022200100,432,2,1,3,9:39 PM,4:30,MISS Lopez 25' 3PT Jump Shot,,,,,4,201572,Brook Lopez,1610612749.0,Milwaukee,Bucks,MIL,0,0,,,,,,0,0,,,,,,1
0022200100,433,4,0,3,9:39 PM,4:27,Carter REBOUND (Off:1 Def:3),,,,,4,1628975,Jevon Carter,1610612749.0,Milwaukee,Bucks,MIL,0,0,,,,,,0,0,,,,,,1
0022200100,434,2,1,3,9:39 PM,4:26,MISS Nwora 24' 3PT Jump Shot,,,,,4,1629670,Jordan Nwora,1610612749.0,Milwaukee,Bucks,MIL,0,0,,,,,,0,0,,,,,,1
0022200100,435,4,0,3,9:39 PM,4:26,Carter REBOUND (Off:2 Def:3),,,,,4,1628975,Jevon Carter,1610612749.0,Milwaukee,Bucks,MIL,0,0,,,,,,0,0,,,,,,1
0022200100,436,5,4,3,9:39 PM,4:19,Holiday Traveling Turnover (P3.T12),,,,,4,201950,Jrue Holiday,1610612749.0,Milwaukee,Bucks,MIL,0,0,,,,,,1,0,,,,,,1
0022200100,437,8,0,3,9:39 PM,4:19,SUB: Matthews FOR Carter,,,,,4,1628975,Jevon Carter,1610612749.0,Milwaukee,Bucks,MIL,4,202083,Wesley Matthews,1610612749.0,Milwaukee,Bucks,MIL,0,0,,,,,,0
0022200100,438,8,0,3,9:39 PM,4:19,SUB: Ibaka FOR Lopez,,,,,4,201572,Brook Lopez,1610612749.0,Milwaukee,Bucks,MIL,4,201586,Serge Ibaka,1610612749.0,Milwaukee,Bucks,MIL,0,0,,,,,,0
0022200100,441,1,75,3,9:40 PM,4:04,,,Cunningham 4' Driving Finger Roll Layup (21 PTS),69 - 82,13,5,1630595,Cade Cunningham,1610612765.0,Detroit,Pistons,DET,0,0,,,,,,0,0,,,,,,1
0022200100,442,6,2,3,9:40 PM,3:49,,,Hayes S.FOUL (P2.PN) (R.Mott),,,5,1630165,Killian Hayes,1610612765.0,Detroit,Pistons,DET,4,201950,Jrue Holiday,1610612749.0,Milwaukee,Bucks,MIL,1,0,,,,,,1
0022200100,444,3,11,3,9:40 PM,3:49,Holiday Free Throw 1 of 2 (17 PTS),,,69 - 83,14,4,201950,Jrue Holiday,1610612749.0,Milwaukee,Bucks,MIL,0,0,,,,,,0,0,,,,,,1
0022200100,447,3,12,3,9:40 PM,3:49,MISS Holiday Free Throw 2 of 2,,,,,4,201950,Jrue Holiday,1610612749.0,Milwaukee,Bucks,MIL,0,0,,,,,,0,0,,,,,,1
0022200100,445,8,0,3,9:40 PM,3:49,SUB: Hill FOR Portis,,,,,4,1626171,Bobby Portis,1610612749.0,Milwaukee,Bucks,MIL,4,201588,George Hill,1610612749.0,Milwaukee,Bucks,MIL,0,0,,,,,,0
0022200100,448,4,0,3,9:40 PM,3:45,,,Hayes REBOUND (Off:0 Def:3),,,5,1630165,Killian Hayes,1610612765.0,Detroit,Pistons,DET,0,0,,,,,,0,0,,,,,,1
0022200100,449,2,1,3,9:41 PM,3:36,,,MISS Bogdanovic 25' 3PT Jump Shot,,,5,202711,Bojan Bogdanovic,1610612765.0,Detroit,Pistons,DET,0,0,,,,,,0,0,,,,,,1
0022200100,450,4,0,3,9:41 PM,3:32,Nwora REBOUND (Off:0 Def:2),,,,,4,1629670,Jordan Nwora,1610612749.0,Milwaukee,Bucks,MIL,0,0,,,,,,0,0,,,,,,1
0022200100,451,9,1,3,9:41 PM,3:26,BUCKS Timeout: Regular (Full 3 Short 0),,,,,2,1610612749,,,,,,0,0,,,,,,0,0,,,,,,0
0022200100,452,8,0,3,9:44 PM,3:26,SUB: Portis FOR Holiday,,,,,4,201950,Jrue Holiday,1610612749.0,Milwaukee,Bucks,MIL,4,1626171,Bobby Portis,1610612749.0,Milwaukee,Bucks,MIL,0,0,,,,,,0
0022200100,453,8,0,3,9:44 PM,3:26,,,SUB: Livers FOR Cunningham,,,5,1630595,Cade Cunningham,1610612765.0,Detroit,Pistons,DET,5,1630587,Isaiah Livers,1610612765.0,Detroit,Pistons,DET,0,0,,,,,,0
0022200100,454,8,0,3,9:44 PM,3:26,,,SUB: Ivey FOR Bogdanovic,,,5,202711,Bojan Bogdanovic,1610612765.0,Detroit,Pistons,DET,5,1631093,Jaden Ivey,1610612765.0,Detroit,Pistons,DET,0,0,,,,,,0
0022200100,458,6,1,3,9:44 PM,3:17,,,Noel P.FOUL (P1.PN) (D.Taylor),,,5,203457,Nerlens Noel,1610612765.0,Detroit,Pistons,DET,4,201588,George Hill,1610612749.0,Milwaukee,Bucks,MIL,1,0,,,,,,1
0022200100,460,3,11,3,9:45 PM,3:17,Hill Free Throw 1 of 2 (2 PTS),,,69 - 84,15,4,201588,George Hill,1610612749.0,Milwaukee,Bucks,MIL,0,0,,,,,,0,0,,,,,,1
0022200100,461,3,12,3,9:45 PM,3:17,Hill Free Throw 2 of 2 (3 PTS),,,69 - 85,16,4,201588,George Hill,1610612749.0,Milwaukee,Bucks,MIL,0,0,,,,,,0,0,,,,,,0
0022200100,462,6,1,3,9:45 PM,3:06,Matthews P.FOUL (P2.T2) (D.Taylor),,,,,4,202083,Wesley Matthews,1610612749.0,Milwaukee,Bucks,MIL,5,1630165,Killian Hayes,1610612765.0,Detroit,Pistons,DET,1,0,,,,,,1
0022200100,464,2,101,3,9:46 PM,2:57,,,MISS Hayes 16' Driving Floating Jump Shot,,,5,1630165,Killian Hayes,1610612765.0,Detroit,Pistons,DET,0,0,,,,,,0,0,,,,,,1
0022200100,465,4,0,3,9:46 PM,2:55,Portis REBOUND (Off:2 Def:6),,,,,4,1626171,Bobby Portis,1610612749.0,Milwaukee,Bucks,MIL,0,0,,,,,,0,0,,,,,,1
0022200100,466,2,79,3,9:46 PM,2:35,MISS Nwora 11' Pullup Jump Shot,,,,,4,1629670,Jordan Nwora,1610612749.0,Milwaukee,Bucks,MIL,0,0,,,,,,0,0,,,,,,1
0022200100,467,4,0,3,9:46 PM,2:33,Matthews REBOUND (Off:1 Def:0),,,,,4,202083,Wesley Matthews,1610612749.0,Milwaukee,Bucks,MIL,0,0,,,,,,0,0,,,,,,1
0022200100,470,2,1,3,9:47 PM,2:21,MISS Portis 28' 3PT Jump Shot,,,,,4,1626171,Bobby Portis,1610612749.0,Milwaukee,Bucks,MIL,0,0,,,,,,0,0,,,,,,1
0022200100,471,4,0,3,9:47 PM,2:18,,,Noel REBOUND (Off:1 Def:1),,,5,203457,Nerlens Noel,1610612765.0,Detroit,Pistons,DET,0,0,,,,,,0,0,,,,,,1
0022200100,472,2,78,3,9:47 PM,2:07,,,MISS Noel 12' Floating Jump Shot,,,5,203457,Nerlens Noel,1610612765.0,Detroit,Pistons,DET,0,0,,,,,,0,0,,,,,,1
0022200100,473,4,0,3,9:47 PM,2:04,Portis REBOUND (Off:2 Def:7),,,,,4,1626171,Bobby Portis,1610612749.0,Milwaukee,Bucks,MIL,0,0,,,,,,0,0,,,,,,1
0022200100,474,5,8,3,9:48 PM,1:51,Ibaka 3 Second Violation Turnover (P2.T13),,,,,4,201586,Serge Ibaka,1610612749.0,Milwaukee,Bucks,MIL,0,0,,,,,,1,0,,,,,,1
0022200100,475,8,0,3,9:48 PM,1:51,SUB: G. Antetokounmpo FOR Matthews,,,,,4,202083,Wesley Matthews,1610612749.0,Milwaukee,Bucks,MIL,4,203507,Giannis Antetokounmpo,1610612749.0,Milwaukee,Bucks,MIL,0,0,,,,,,0
0022200100,477,1,73,3,9:48 PM,1:38,,,Ivey 2' Driving Reverse Layup (10 PTS),71 - 85,14,5,1631093,Jaden Ivey,1610612765.0,Detroit,Pistons,DET,0,0,,,,,,0,0,,,,,,1
0022200100,478,6,2,3,9:48 PM,1:26,,,Ivey S.FOUL (P2.PN) (J.Orr),,,5,1631093,Jaden Ivey,1610612765.0,Detroit,Pistons,DET,4,203507,Giannis Antetokounmpo,1610612749.0,Milwaukee,Bucks,MIL,1,0,,,,,,1
0022200100,480,3,11,3,9:49 PM,1:26,MISS G. Antetokounmpo Free Throw 1 of 2,,,,,4,203507,Giannis Antetokounmpo,1610612749.0,Milwaukee,Bucks,MIL,0,0,,,,,,0,0,,,,,,1
0022200100,481,4,1,3,9:49 PM,1:26,BUCKS Rebound,,,,,2,1610612749,,,,,,0,0,,,,,,0,0,,,,,,0
0022200100,482,8,0,3,9:49 PM,1:26,SUB: Carter FOR Portis,,,,,4,1626171,Bobby Portis,1610612749.0,Milwaukee,Bucks,MIL,4,1628975,Jevon Carter,1610612749.0,Milwaukee,Bucks,MIL,0,0,,,,,,0
0022200100,484,3,12,3,9:49 PM,1:26,G. Antetokounmpo Free Throw 2 of 2 (24 PTS),,,71 - 86,15,4,203507,Giannis Antetokounmpo,1610612749.0,Milwaukee,Bucks,MIL,0,0,,,,,,0,0,,,,,,1
0022200100,485,1,6,3,9:50 PM,1:13,,,Ivey 2' Driving Layup (12 PTS),73 - 86,13,5,1631093,Jaden Ivey,1610612765.0,Detroit,Pistons,DET,0,0,,,,,,0,0,,,,,,1
0022200100,486,2,1,3,9:50 PM,0:58,MISS G. Antetokounmpo 27' 3PT Jump Shot,,,,,4,203507,Giannis Antetokounmpo,1610612749.0,Milwaukee,Bucks,MIL,0,0,,,,,,0,0,,,,,,1
0022200100,487,4,0,3,9:50 PM,0:55,,,Ivey REBOUND (Off:2 Def:4),,,5,1631093,Jaden Ivey,1610612765.0,Detroit,Pistons,DET,0,0,,,,,,0,0,,,,,,1
0022200100,488,2,1,3,9:50 PM,0:44,,,MISS Ivey 31' 3PT Jump Shot,,,5,1631093,Jaden Ivey,1610612765.0,Detroit,Pistons,DET,0,0,,,,,,0,0,,,,,,1
0022200100,489,4,0,3,9:50 PM,0:41,,,Diallo REBOUND (Off:2 Def:3),,,5,1628977,Hamidou Diallo,1610612765.0,Detroit,Pistons,DET,0,0,,,,,,0,0,,,,,,1
0022200100,490,6,2,3,9:50 PM,0:39,Ibaka S.FOUL (P1.T3) (D.Taylor),,,,,4,201586,Serge Ibaka,1610612749.0,Milwaukee,Bucks,MIL,5,1628977,Hamidou Diallo,1610612765.0,Detroit,Pistons,DET,1,0,,,,,,1
0022200100,492,3,11,3,9:51 PM,0:39,,,Diallo Free Throw 1 of 2 (10 PTS),74 - 86,12,5,1628977,Hamidou Diallo,1610612765.0,Detroit,Pistons,DET,0,0,,,,,,0,0,,,,,,1
0022200100,493,3,12,3,9:51 PM,0:39,,,Diallo Free Throw 2 of 2 (11 PTS),75 - 86,11,5,1628977,Hamidou Diallo,1610612765.0,Detroit,Pistons,DET,0,0,,,,,,0,0,,,,,,0
0022200100,494,1,9,3,9:51 PM,0:34,G. Antetokounmpo 1' Driving Dunk (26 PTS),,,75 - 88,13,4,203507,Giannis Antetokounmpo,1610612749.0,Milwaukee,Bucks,MIL,0,0,,,,,,0,0,,,,,,1
0022200100,495,2,6,3,9:52 PM,0:14,,,MISS Noel 1' Driving Layup,,,5,203457,Nerlens Noel,1610612765.0,Detroit,Pistons,DET,0,0,,,,,,0,0,,,,,,1
0022200100,496,4,0,3,9:52 PM,0:14,,,Noel REBOUND (Off:2 Def:1),,,5,203457,Nerlens Noel,1610612765.0,Detroit,Pistons,DET,0,0,,,,,,0,0,,,,,,1
0022200100,499,3,11,3,9:52 PM,0:14,,,Noel Free Throw 1 of 2 (1 PTS),76 - 88,12,5,203457,Nerlens Noel,1610612765.0,Detroit,Pistons,DET,0,0,,,,,,0,0,,,,,,1
0022200100,502,3,12,3,9:52 PM,0:14,,,Noel Free Throw 2 of 2 (2 PTS),77 - 88,11,5,203457,Nerlens Noel,1610612765.0,Detroit,Pistons,DET,0,0,,,,,,0,0,,,,,,1
0022200100,497,6,2,3,9:52 PM,0:14,Nwora S.FOUL (P1.PN) (R.Mott),,,,,4,1629670,Jordan Nwora,1610612749.0,Milwaukee,Bucks,MIL,5,203457,Nerlens Noel,1610612765.0,Detroit,Pistons,DET,1,0,,,,,,1
0022200100,500,8,0,3,9:52 PM,0:14,SUB: Portis FOR Ibaka,,,,,4,201586,Serge Ibaka,1610612749.0,Milwaukee,Bucks,MIL,4,1626171,Bobby Portis,1610612749.0,Milwaukee,Bucks,MIL,0,0,,,,,,0
0022200100,503,2,80,3,9:53 PM,0:01,MISS Carter 3PT Step Back Jump Shot,,,,,4,1628975,Jevon Carter,1610612749.0,Milwaukee,Bucks,MIL,0,0,,,,,,0,0,,,,,,1
0022200100,504,4,0,3,9:53 PM,0:00,,,Noel REBOUND (Off:2 Def:2),,,5,203457,Nerlens Noel,1610612765.0,Detroit,Pistons,DET,0,0,,,,,,0,0,,,,,,1
0022200100,505,13,0,3,9:53 PM,0:00,,End of 3rd Period (9:53 PM EST),,77 - 88,11,0,0,,,,,,0,0,,,,,,0,0,,,,,,1
0022200100,508,12,0,4,9:56 PM,12:00,,Start of 4th Period (9:56 PM EST),,77 - 88,11,0,0,,,,,,0,0,,,,,,0,0,,,,,,0
0022200100,509,2,1,4,9:56 PM,11:47,MISS Hill 24' 3PT Jump Shot,,,,,4,201588,George Hill,1610612749.0,Milwaukee,Bucks,MIL,0,0,,,,,,0,0,,,,,,1
0022200100,510,4,0,4,9:56 PM,11:45,Carter REBOUND (Off:3 Def:3),,,,,4,1628975,Jevon Carter,1610612749.0,Milwaukee,Bucks,MIL,0,0,,,,,,0,0,,,,,,1
0022200100,511,2,97,4,9:56 PM,11:45,MISS Carter Tip Layup Shot,,,,,4,1628975,Jevon Carter,1610612749.0,Milwaukee,Bucks,MIL,0,0,,,,,,0,0,,,,,,1
0022200100,512,4,0,4,9:56 PM,11:43,,,Ivey REBOUND (Off:2 Def:5),,,5,1631093,Jaden Ivey,1610612765.0,Detroit,Pistons,DET,0,0,,,,,,0,0,,,,,,1
0022200100,513,6,1,4,9:57 PM,11:31,Carter P.FOUL (P3.T1) (J.Orr),,,,,4,1628975,Jevon Carter,1610612749.0,Milwaukee,Bucks,MIL,5,1631093,Jaden Ivey,1610612765.0,Detroit,Pistons,DET,1,0,,,,,,1
0022200100,515,1,6,4,9:57 PM,11:27,,,Ivey 1' Driving Layup (14 PTS) (Noel 2 AST),79 - 88,9,5,1631093,Jaden Ivey,1610612765.0,Detroit,Pistons,DET,5,203457,Nerlens Noel,1610612765.0,Detroit,Pistons,DET,0,0,,,,,,1
0022200100,517,6,2,4,9:57 PM,11:27,G. Antetokounmpo S.FOUL (P4.T2) (D.Taylor),,,,,4,203507,Giannis Antetokounmpo,1610612749.0,Milwaukee,Bucks,MIL,5,1631093,Jaden Ivey,1610612765.0,Detroit,Pistons,DET,1,0,,,,,,1
0022200100,519,3,10,4,9:57 PM,11:27,,,Ivey Free Throw 1 of 1 (15 PTS),80 - 88,8,5,1631093,Jaden Ivey,1610612765.0,Detroit,Pistons,DET,0,0,,,,,,0,0,,,,,,1
0022200100,520,6,1,4,9:58 PM,11:14,,,Diallo P.FOUL (P3.T1) (D.Taylor),,,5,1628977,Hamidou Diallo,1610612765.0,Detroit,Pistons,DET,4,203507,Giannis Antetokounmpo,1610612749.0,Milwaukee,Bucks,MIL,1,0,,,,,,1
0022200100,522,6,2,4,9:58 PM,11:06,,,Ivey S.FOUL (P3.T2) (J.Orr),,,5,1631093,Jaden Ivey,1610612765.0,Detroit,Pistons,DET,4,201950,Jrue Holiday,1610612749.0,Milwaukee,Bucks,MIL,1,0,,,,,,1
0022200100,524,3,11,4,9:59 PM,11:06,Holiday Free Throw 1 of 2 (18 PTS),,,80 - 89,9,4,201950,Jrue Holiday,1610612749.0,Milwaukee,Bucks,MIL,0,0,,,,,,0,0,,,,,,1
0022200100,525,3,12,4,9:59 PM,11:06,Holiday Free Throw 2 of 2 (19 PTS),,,80 - 90,10,4,201950,Jrue Holiday,1610612749.0,Milwaukee,Bucks,MIL,0,0,,,,,,0,0,,,,,,0
0022200100,526,2,1,4,9:59 PM,10:51,,,MISS Diallo 27' 3PT Jump Shot,,,5,1628977,Hamidou Diallo,1610612765.0,Detroit,Pistons,DET,0,0,,,,,,0,0,,,,,,1
0022200100,527,4,0,4,9:59 PM,10:50,,,Pistons Rebound,,,3,1610612765,,,,,,0,0,,,,,,0,0,,,,,,1
0022200100,529,8,0,4,9:59 PM,10:50,SUB: Lopez FOR Hill,,,,,4,201588,George Hill,1610612749.0,Milwaukee,Bucks,MIL,4,201572,Brook Lopez,1610612749.0,Milwaukee,Bucks,MIL,0,0,,,,,,0
0022200100,531,2,79,4,10:00 PM,10:42,,,MISS Ivey 26' 3PT Pullup Jump Shot,,,5,1631093,Jaden Ivey,1610612765.0,Detroit,Pistons,DET,0,0,,,,,,0,0,,,,,,1
0022200100,532,4,0,4,10:00 PM,10:39,Portis REBOUND (Off:2 Def:8),,,,,4,1626171,Bobby Portis,1610612749.0,Milwaukee,Bucks,MIL,0,0,,,,,,0,0,,,,,,1
0022200100,533,2,1,4,10:00 PM,10:34,MISS Holiday 25' 3PT Jump Shot,,,,,4,201950,Jrue Holiday,1610612749.0,Milwaukee,Bucks,MIL,0,0,,,,,,0,0,,,,,,1
0022200100,534,4,0,4,10:00 PM,10:32,,,Pistons Rebound,,,3,1610612765,,,,,,0,0,,,,,,0,0,,,,,,1
0022200100,535,6,3,4,10:00 PM,10:32,Portis L.B.FOUL (P1.T3) (R.Mott),,,,,4,1626171,Bobby Portis,1610612749.0,Milwaukee,Bucks,MIL,5,203457,Nerlens Noel,1610612765.0,Detroit,Pistons,DET,1,0,,,,,,1
0022200100,537,8,0,4,10:00 PM,10:32,,,SUB: Stewart FOR Noel,,,5,203457,Nerlens Noel,1610612765.0,Detroit,Pistons,DET,5,1630191,Isaiah Stewart,1610612765.0,Detroit,Pistons,DET,0,0,,,,,,0
0022200100,539,5,21,4,10:00 PM,10:25,,,Ivey Palming Turnover (P3.T11),,,5,1631093,Jaden Ivey,1610612765.0,Detroit,Pistons,DET,0,0,,,,,,1,0,,,,,,1
0022200100,540,2,1,4,10:01 PM,10:06,MISS G. Antetokounmpo 17' Jump Shot,,,,,4,203507,Giannis Antetokounmpo,1610612749.0,Milwaukee,Bucks,MIL,0,0,,,,,,0,0,,,,,,1
0022200100,541,4,0,4,10:01 PM,10:03,,,Hayes REBOUND (Off:0 Def:4),,,5,1630165,Killian Hayes,1610612765.0,Detroit,Pistons,DET,0,0,,,,,,0,0,,,,,,1
0022200100,542,2,1,4,10:01 PM,10:00,,,MISS Hayes 26' 3PT Jump Shot,,,5,1630165,Killian Hayes,1610612765.0,Detroit,Pistons,DET,0,0,,,,,,0,0,,,,,,1
0022200100,543,4,0,4,10:01 PM,9:58,,,Stewart REBOUND (Off:3 Def:4),,,5,1630191,Isaiah Stewart,1610612765.0,Detroit,Pistons,DET,0,0,,,,,,0,0,,,,,,1
0022200100,544,2,97,4,10:01 PM,9:58,,,MISS Stewart Tip Layup Shot,,,5,1630191,Isaiah Stewart,1610612765.0,Detroit,Pistons,DET,0,0,,,,,,0,0,,,,,,1
0022200100,545,4,0,4,10:01 PM,9:56,,,Stewart REBOUND (Off:4 Def:4),,,5,1630191,Isaiah Stewart,1610612765.0,Detroit,Pistons,DET,0,0,,,,,,0,0,,,,,,1
0022200100,546,6,2,4,10:01 PM,9:47,Lopez S.FOUL (P3.T4) (J.Orr),,,,,4,201572,Brook Lopez,1610612749.0,Milwaukee,Bucks,MIL,5,1628977,Hamidou Diallo,1610612765.0,Detroit,Pistons,DET,1,0,,,,,,1
0022200100,548,3,11,4,10:02 PM,9:47,,,Diallo Free Throw 1 of 2 (12 PTS),81 - 90,9,5,1628977,Hamidou Diallo,1610612765.0,Detroit,Pistons,DET,0,0,,,,,,0,0,,,,,,1
0022200100,549,8,0,4,10:02 PM,9:47,,,SUB: Bogdanovic FOR Livers,,,5,1630587,Isaiah Livers,1610612765.0,Detroit,Pistons,DET,5,202711,Bojan Bogdanovic,1610612765.0,Detroit,Pistons,DET,0,0,,,,,,0
0022200100,551,8,0,4,10:02 PM,9:47,,,SUB: Cunningham FOR Hayes,,,5,1630165,Killian Hayes,1610612765.0,Detroit,Pistons,DET,5,1630595,Cade Cunningham,1610612765.0,Detroit,Pistons,DET,0,0,,,,,,0
0022200100,553,3,12,4,10:02 PM,9:47,,,Diallo Free Throw 2 of 2 (13 PTS),82 - 90,8,5,1628977,Hamidou Diallo,1610612765.0,Detroit,Pistons,DET,0,0,,,,,,0,0,,,,,,1
0022200100,554,1,75,4,10:03 PM,9:28,G. Antetokounmpo 1' Driving Finger Roll Layup (28 PTS),,,82 - 92,10,4,203507,Giannis Antetokounmpo,1610612749.0,Milwaukee,Bucks,MIL,0,0,,,,,,0,0,,,,,,1
0022200100,555,1,79,4,10:03 PM,9:14,,,Cunningham 15' Pullup Jump Shot (23 PTS),84 - 92,8,5,1630595,Cade Cunningham,1610612765.0,Detroit,Pistons,DET,0,0,,,,,,0,0,,,,,,1
0022200100,556,2,6,4,10:03 PM,8:58,MISS G. Antetokounmpo 2' Driving Layup,,,,,4,203507,Giannis Antetokounmpo,1610612749.0,Milwaukee,Bucks,MIL,0,0,,,,,,0,0,,,,,,1
0022200100,557,4,0,4,10:03 PM,8:56,,,Stewart REBOUND (Off:4 Def:5),,,5,1630191,Isaiah Stewart,1610612765.0,Detroit,Pistons,DET,0,0,,,,,,0,0,,,,,,1
0022200100,558,2,80,4,10:03 PM,8:45,,,MISS Cunningham 29' 3PT Step Back Jump Shot,,,5,1630595,Cade Cunningham,1610612765.0,Detroit,Pistons,DET,0,0,,,,,,0,0,,,,,,1
0022200100,559,4,0,4,10:03 PM,8:41,,,Stewart REBOUND (Off:5 Def:5),,,5,1630191,Isaiah Stewart,1610612765.0,Detroit,Pistons,DET,0,0,,,,,,0,0,,,,,,1
0022200100,560,1,7,4,10:03 PM,8:39,,,Stewart 2' Dunk (6 PTS) (Bogdanovic 2 AST),86 - 92,6,5,1630191,Isaiah Stewart,1610612765.0,Detroit,Pistons,DET,5,202711,Bojan Bogdanovic,1610612765.0,Detroit,Pistons,DET,0,0,,,,,,1
0022200100,562,9,1,4,10:04 PM,8:26,BUCKS Timeout: Regular (Full 4 Short 0),,,,,2,1610612749,,,,,,0,0,,,,,,0,0,,,,,,0
0022200100,563,8,0,4,10:06 PM,8:26,SUB: Matthews FOR Portis,,,,,4,1626171,Bobby Portis,1610612749.0,Milwaukee,Bucks,MIL,4,202083,Wesley Matthews,1610612749.0,Milwaukee,Bucks,MIL,0,0,,,,,,0
0022200100,565,2,1,4,10:07 PM,8:17,MISS Holiday 25' 3PT Jump Shot,,,,,4,201950,Jrue Holiday,1610612749.0,Milwaukee,Bucks,MIL,0,0,,,,,,0,0,,,,,,1
0022200100,566,4,0,4,10:07 PM,8:15,G. Antetokounmpo REBOUND (Off:2 Def:4),,,,,4,203507,Giannis Antetokounmpo,1610612749.0,Milwaukee,Bucks,MIL,0,0,,,,,,0,0,,,,,,1
0022200100,567,2,1,4,10:07 PM,8:10,MISS Carter 3PT Jump Shot,,,,,4,1628975,Jevon Carter,1610612749.0,Milwaukee,Bucks,MIL,0,0,,,,,,0,0,,,,,,1
0022200100,568,4,0,4,10:07 PM,8:07,,,Bogdanovic REBOUND (Off:1 Def:1),,,5,202711,Bojan Bogdanovic,1610612765.0,Detroit,Pistons,DET,0,0,,,,,,0,0,,,,,,1
0022200100,569,1,79,4,10:07 PM,7:56,,,Cunningham 18' Pullup Jump Shot (25 PTS),88 - 92,4,5,1630595,Cade Cunningham,1610612765.0,Detroit,Pistons,DET,0,0,,,,,,0,0,,,,,,1
0022200100,570,2,5,4,10:08 PM,7:37,MISS Holiday 8' Layup,,Stewart BLOCK (1 BLK),,,4,201950,Jrue Holiday,1610612749.0,Milwaukee,Bucks,MIL,0,0,,,,,,5,1630191,Isaiah Stewart,1610612765.0,Detroit,Pistons,DET,1
0022200100,572,4,0,4,10:08 PM,7:33,,,Bogdanovic REBOUND (Off:1 Def:2),,,5,202711,Bojan Bogdanovic,1610612765.0,Detroit,Pistons,DET,0,0,,,,,,0,0,,,,,,1
0022200100,573,5,2,4,10:08 PM,7:22,Carter STEAL (2 STL),,Cunningham Lost Ball Turnover (P5.T12),,,5,1630595,Cade Cunningham,1610612765.0,Detroit,Pistons,DET,4,1628975,Jevon Carter,1610612749.0,Milwaukee,Bucks,MIL,0,0,,,,,,1
0022200100,575,2,41,4,10:08 PM,7:18,MISS Carter 3' Running Layup,,Cunningham BLOCK (1 BLK),,,4,1628975,Jevon Carter,1610612749.0,Milwaukee,Bucks,MIL,0,0,,,,,,5,1630595,Cade Cunningham,1610612765.0,Detroit,Pistons,DET,1
0022200100,577,4,0,4,10:08 PM,7:18,,,Pistons Rebound,,,3,1610612765,,,,,,0,0,,,,,,0,0,,,,,,0
0022200100,579,8,0,4,10:08 PM,7:18,SUB: Hill FOR Carter,,,,,4,1628975,Jevon Carter,1610612749.0,Milwaukee,Bucks,MIL,4,201588,George Hill,1610612749.0,Milwaukee,Bucks,MIL,0,0,,,,,,0
0022200100,580,8,0,4,10:08 PM,7:18,SUB: Portis FOR G. Antetokounmpo,,,,,4,203507,Giannis Antetokounmpo,1610612749.0,Milwaukee,Bucks,MIL,4,1626171,Bobby Portis,1610612749.0,Milwaukee,Bucks,MIL,0,0,,,,,,0
0022200100,583,2,1,4,10:09 PM,7:03,,,MISS Ivey 26' 3PT Jump Shot,,,5,1631093,Jaden Ivey,1610612765.0,Detroit,Pistons,DET,0,0,,,,,,0,0,,,,,,1
0022200100,584,4,0,4,10:09 PM,7:00,Holiday REBOUND (Off:1 Def:6),,,,,4,201950,Jrue Holiday,1610612749.0,Milwaukee,Bucks,MIL,0,0,,,,,,0,0,,,,,,1
0022200100,585,5,1,4,10:09 PM,6:53,Holiday Bad Pass Turnover (P4.T14),,Ivey STEAL (2 STL),,,4,201950,Jrue Holiday,1610612749.0,Milwaukee,Bucks,MIL,5,1631093,Jaden Ivey,1610612765.0,Detroit,Pistons,DET,0,0,,,,,,1
0022200100,587,1,41,4,10:09 PM,6:48,,,Bogdanovic 2' Running Layup (16 PTS),90 - 92,2,5,202711,Bojan Bogdanovic,1610612765.0,Detroit,Pistons,DET,0,0,,,,,,0,0,,,,,,1
0022200100,588,1,80,4,10:09 PM,6:28,Holiday 27' 3PT Step Back Jump Shot (22 PTS),,,90 - 95,5,4,201950,Jrue Holiday,1610612749.0,Milwaukee,Bucks,MIL,0,0,,,,,,0,0,,,,,,1
0022200100,589,1,6,4,10:09 PM,6:06,,,Ivey 1' Driving Layup (17 PTS),92 - 95,3,5,1631093,Jaden Ivey,1610612765.0,Detroit,Pistons,DET,0,0,,,,,,0,0,,,,,,1
0022200100,590,1,47,4,10:10 PM,5:39,Portis 15' Turnaround Jump Shot (15 PTS),,,92 - 97,5,4,1626171,Bobby Portis,1610612749.0,Milwaukee,Bucks,MIL,0,0,,,,,,0,0,,,,,,1
0022200100,591,2,78,4,10:10 PM,5:23,,,MISS Diallo 8' Floating Jump Shot,,,5,1628977,Hamidou Diallo,1610612765.0,Detroit,Pistons,DET,0,0,,,,,,0,0,,,,,,1
0022200100,592,4,0,4,10:10 PM,5:20,Matthews REBOUND (Off:1 Def:1),,,,,4,202083,Wesley Matthews,1610612749.0,Milwaukee,Bucks,MIL,0,0,,,,,,0,0,,,,,,1
0022200100,593,2,80,4,10:10 PM,5:07,MISS Holiday 25' 3PT Step Back Jump Shot,,,,,4,201950,Jrue Holiday,1610612749.0,Milwaukee,Bucks,MIL,0,0,,,,,,0,0,,,,,,1
0022200100,594,4,0,4,10:11 PM,5:04,,,Bogdanovic REBOUND (Off:1 Def:3),,,5,202711,Bojan Bogdanovic,1610612765.0,Detroit,Pistons,DET,0,0,,,,,,0,0,,,,,,1
0022200100,595,9,1,4,10:11 PM,5:02,,,Pistons Timeout: Regular (Reg.4 Short 0),,,3,1610612765,,,,,,0,0,,,,,,0,0,,,,,,0
0022200100,596,8,0,4,10:13 PM,5:02,SUB: G. Antetokounmpo FOR Lopez,,,,,4,201572,Brook Lopez,1610612749.0,Milwaukee,Bucks,MIL,4,203507,Giannis Antetokounmpo,1610612749.0,Milwaukee,Bucks,MIL,0,0,,,,,,0
0022200100,597,8,0,4,10:13 PM,5:02,,,SUB: Bey FOR Diallo,,,5,1628977,Hamidou Diallo,1610612765.0,Detroit,Pistons,DET,5,1630180,Saddiq Bey,1610612765.0,Detroit,Pistons,DET,0,0,,,,,,0
0022200100,600,6,2,4,10:14 PM,4:56,G. Antetokounmpo S.FOUL (P5.PN) (R.Mott),,,,,4,203507,Giannis Antetokounmpo,1610612749.0,Milwaukee,Bucks,MIL,5,1630191,Isaiah Stewart,1610612765.0,Detroit,Pistons,DET,1,0,,,,,,1
0022200100,602,3,11,4,10:14 PM,4:56,,,MISS Stewart Free Throw 1 of 2,,,5,1630191,Isaiah Stewart,1610612765.0,Detroit,Pistons,DET,0,0,,,,,,0,0,,,,,,1
0022200100,603,4,1,4,10:14 PM,4:56,,,Pistons Rebound,,,3,1610612765,,,,,,0,0,,,,,,0,0,,,,,,0
0022200100,604,8,0,4,10:14 PM,4:56,SUB: Lopez FOR G. Antetokounmpo,,,,,4,203507,Giannis Antetokounmpo,1610612749.0,Milwaukee,Bucks,MIL,4,201572,Brook Lopez,1610612749.0,Milwaukee,Bucks,MIL,0,0,,,,,,0
0022200100,606,3,12,4,10:15 PM,4:56,,,Stewart Free Throw 2 of 2 (7 PTS),93 - 97,4,5,1630191,Isaiah Stewart,1610612765.0,Detroit,Pistons,DET,0,0,,,,,,0,0,,,,,,1
0022200100,607,2,79,4,10:15 PM,4:37,MISS Holiday 22' Pullup Jump Shot,,,,,4,201950,Jrue Holiday,1610612749.0,Milwaukee,Bucks,MIL,0,0,,,,,,0,0,,,,,,1
0022200100,608,4,0,4,10:15 PM,4:35,Portis REBOUND (Off:3 Def:8),,,,,4,1626171,Bobby Portis,1610612749.0,Milwaukee,Bucks,MIL,0,0,,,,,,0,0,,,,,,1
0022200100,609,5,1,4,10:15 PM,4:34,Portis Bad Pass Turnover (P1.T15),,Cunningham STEAL (1 STL),,,4,1626171,Bobby Portis,1610612749.0,Milwaukee,Bucks,MIL,5,1630595,Cade Cunningham,1610612765.0,Detroit,Pistons,DET,0,0,,,,,,1
0022200100,611,1,41,4,10:15 PM,4:29,,,Bogdanovic 1' Running Layup (18 PTS) (Cunningham 5 AST),95 - 97,2,5,202711,Bojan Bogdanovic,1610612765.0,Detroit,Pistons,DET,5,1630595,Cade Cunningham,1610612765.0,Detroit,Pistons,DET,0,0,,,,,,1
0022200100,613,2,1,4,10:15 PM,4:15,MISS Matthews 3PT Jump Shot,,,,,4,202083,Wesley Matthews,1610612749.0,Milwaukee,Bucks,MIL,0,0,,,,,,0,0,,,,,,1
0022200100,614,4,0,4,10:15 PM,4:13,Lopez REBOUND (Off:3 Def:4),,,,,4,201572,Brook Lopez,1610612749.0,Milwaukee,Bucks,MIL,0,0,,,,,,0,0,,,,,,1
0022200100,615,1,1,4,10:15 PM,4:11,Lopez 27' 3PT Jump Shot (20 PTS),,,95 - 100,5,4,201572,Brook Lopez,1610612749.0,Milwaukee,Bucks,MIL,0,0,,,,,,0,0,,,,,,1
0022200100,617,2,101,4,10:16 PM,3:58,,,MISS Ivey 15' Driving Floating Jump Shot,,,5,1631093,Jaden Ivey,1610612765.0,Detroit,Pistons,DET,0,0,,,,,,0,0,,,,,,1
0022200100,618,4,0,4,10:16 PM,3:55,Lopez REBOUND (Off:3 Def:5),,,,,4,201572,Brook Lopez,1610612749.0,Milwaukee,Bucks,MIL,0,0,,,,,,0,0,,,,,,1
0022200100,619,2,78,4,10:16 PM,3:39,MISS Portis 14' Floating Jump Shot,,,,,4,1626171,Bobby Portis,1610612749.0,Milwaukee,Bucks,MIL,0,0,,,,,,0,0,,,,,,1
0022200100,620,4,0,4,10:16 PM,3:39,BUCKS Rebound,,,,,2,1610612749,,,,,,0,0,,,,,,0,0,,,,,,1
0022200100,621,6,3,4,10:16 PM,3:39,,,Bey L.B.FOUL (P4.T3) (D.Taylor),,,5,1630180,Saddiq Bey,1610612765.0,Detroit,Pistons,DET,4,201572,Brook Lopez,1610612749.0,Milwaukee,Bucks,MIL,1,0,,,,,,1
0022200100,623,9,1,4,10:16 PM,3:39,BUCKS Timeout: Regular (Full 5 Short 0),,,,,2,1610612749,,,,,,0,0,,,,,,0,0,,,,,,0
0022200100,624,8,0,4,10:17 PM,3:39,SUB: G. Antetokounmpo FOR Hill,,,,,4,201588,George Hill,1610612749.0,Milwaukee,Bucks,MIL,4,203507,Giannis Antetokounmpo,1610612749.0,Milwaukee,Bucks,MIL,0,0,,,,,,0
0022200100,626,2,79,4,10:18 PM,3:33,MISS G. Antetokounmpo 12' Pullup Jump Shot,,,,,4,203507,Giannis Antetokounmpo,1610612749.0,Milwaukee,Bucks,MIL,0,0,,,,,,0,0,,,,,,1
0022200100,627,4,0,4,10:18 PM,3:29,,,Cunningham REBOUND (Off:1 Def:4),,,5,1630595,Cade Cunningham,1610612765.0,Detroit,Pistons,DET,0,0,,,,,,0,0,,,,,,1
0022200100,628,1,79,4,10:18 PM,3:19,,,Bogdanovic 16' Pullup Jump Shot (20 PTS) (Cunningham 6 AST),97 - 100,3,5,202711,Bojan Bogdanovic,1610612765.0,Detroit,Pistons,DET,5,1630595,Cade Cunningham,1610612765.0,Detroit,Pistons,DET,0,0,,,,,,1
0022200100,630,1,98,4,10:19 PM,3:02,Lopez 2' Cutting Layup Shot (22 PTS) (Holiday 10 AST),,,97 - 102,5,4,201572,Brook Lopez,1610612749.0,Milwaukee,Bucks,MIL,4,201950,Jrue Holiday,1610612749.0,Milwaukee,Bucks,MIL,0,0,,,,,,1
0022200100,632,9,1,4,10:19 PM,3:01,,,Pistons Timeout: Regular (Reg.5 Short 0),,,3,1610612765,,,,,,0,0,,,,,,0,0,,,,,,0
0022200100,633,6,1,4,10:21 PM,2:52,Matthews P.FOUL (P3.PN) (D.Taylor),,,,,4,202083,Wesley Matthews,1610612749.0,Milwaukee,Bucks,MIL,5,1630595,Cade Cunningham,1610612765.0,Detroit,Pistons,DET,1,0,,,,,,1
0022200100,635,3,11,4,10:21 PM,2:52,,,Cunningham Free Throw 1 of 2 (26 PTS),98 - 102,4,5,1630595,Cade Cunningham,1610612765.0,Detroit,Pistons,DET,0,0,,,,,,0,0,,,,,,0
0022200100,636,3,12,4,10:21 PM,2:52,,,Cunningham Free Throw 2 of 2 (27 PTS),99 - 102,3,5,1630595,Cade Cunningham,1610612765.0,Detroit,Pistons,DET,0,0,,,,,,0,0,,,,,,0
0022200100,637,6,2,4,10:22 PM,2:36,,,Stewart S.FOUL (P5.T4) (D.Taylor),,,5,1630191,Isaiah Stewart,1610612765.0,Detroit,Pistons,DET,4,203507,Giannis Antetokounmpo,1610612749.0,Milwaukee,Bucks,MIL,1,0,,,,,,1
0022200100,639,3,11,4,10:22 PM,2:36,MISS G. Antetokounmpo Free Throw 1 of 2,,,,,4,203507,Giannis Antetokounmpo,1610612749.0,Milwaukee,Bucks,MIL,0,0,,,,,,0,0,,,,,,1
0022200100,640,4,1,4,10:22 PM,2:36,BUCKS Rebound,,,,,2,1610612749,,,,,,0,0,,,,,,0,0,,,,,,0
0022200100,641,3,12,4,10:23 PM,2:36,G. Antetokounmpo Free Throw 2 of 2 (29 PTS),,,99 - 103,4,4,203507,Giannis Antetokounmpo,1610612749.0,Milwaukee,Bucks,MIL,0,0,,,,,,0,0,,,,,,1
0022200100,642,6,2,4,10:23 PM,2:26,Lopez S.FOUL (P4.PN) (D.Taylor),,,,,4,201572,Brook Lopez,1610612749.0,Milwaukee,Bucks,MIL,5,1630191,Isaiah Stewart,1610612765.0,Detroit,Pistons,DET,1,0,,,,,,1
0022200100,644,3,11,4,10:23 PM,2:26,,,Stewart Free Throw 1 of 2 (8 PTS),100 - 103,3,5,1630191,Isaiah Stewart,1610612765.0,Detroit,Pistons,DET,0,0,,,,,,0,0,,,,,,0
0022200100,645,3,12,4,10:24 PM,2:26,,,Stewart Free Throw 2 of 2 (9 PTS),101 - 103,2,5,1630191,Isaiah Stewart,1610612765.0,Detroit,Pistons,DET,0,0,,,,,,0,0,,,,,,1
0022200100,646,1,63,4,10:24 PM,2:07,G. Antetokounmpo 11' Fadeaway Jumper (31 PTS),,,101 - 105,4,4,203507,Giannis Antetokounmpo,1610612749.0,Milwaukee,Bucks,MIL,0,0,,,,,,0,0,,,,,,1
0022200100,647,2,86,4,10:24 PM,1:44,,,MISS Cunningham 12' Turnaround Fadeaway Shot,,,5,1630595,Cade Cunningham,1610612765.0,Detroit,Pistons,DET,0,0,,,,,,0,0,,,,,,1
0022200100,648,4,0,4,10:24 PM,1:42,Portis REBOUND (Off:3 Def:9),,,,,4,1626171,Bobby Portis,1610612749.0,Milwaukee,Bucks,MIL,0,0,,,,,,0,0,,,,,,1
0022200100,649,2,6,4,10:25 PM,1:33,MISS G. Antetokounmpo 2' Driving Layup,,,,,4,203507,Giannis Antetokounmpo,1610612749.0,Milwaukee,Bucks,MIL,0,0,,,,,,0,0,,,,,,1
0022200100,650,4,0,4,10:25 PM,1:30,,,Stewart REBOUND (Off:5 Def:6),,,5,1630191,Isaiah Stewart,1610612765.0,Detroit,Pistons,DET,0,0,,,,,,0,0,,,,,,1
0022200100,651,6,1,4,10:25 PM,1:28,Holiday P.FOUL (P1.PN) (J.Orr),,,,,4,201950,Jrue Holiday,1610612749.0,Milwaukee,Bucks,MIL,5,1631093,Jaden Ivey,1610612765.0,Detroit,Pistons,DET,1,0,,,,,,1
0022200100,653,3,11,4,10:25 PM,1:28,,,Ivey Free Throw 1 of 2 (18 PTS),102 - 105,3,5,1631093,Jaden Ivey,1610612765.0,Detroit,Pistons,DET,0,0,,,,,,0,0,,,,,,1
0022200100,654,3,12,4,10:26 PM,1:28,,,Ivey Free Throw 2 of 2 (19 PTS),103 - 105,2,5,1631093,Jaden Ivey,1610612765.0,Detroit,Pistons,DET,0,0,,,,,,0,0,,,,,,1
0022200100,655,2,101,4,10:26 PM,1:10,MISS G. Antetokounmpo 4' Driving Floating Jump Shot,,,,,4,203507,Giannis Antetokounmpo,1610612749.0,Milwaukee,Bucks,MIL,0,0,,,,,,0,0,,,,,,1
0022200100,656,4,0,4,10:26 PM,1:09,Lopez REBOUND (Off:4 Def:5),,,,,4,201572,Brook Lopez,1610612749.0,Milwaukee,Bucks,MIL,0,0,,,,,,0,0,,,,,,1
0022200100,657,2,97,4,10:26 PM,1:09,MISS Lopez Tip Layup Shot,,,,,4,201572,Brook Lopez,1610612749.0,Milwaukee,Bucks,MIL,0,0,,,,,,0,0,,,,,,1
0022200100,658,4,0,4,10:26 PM,1:08,,,Cunningham REBOUND (Off:1 Def:5),,,5,1630595,Cade Cunningham,1610612765.0,Detroit,Pistons,DET,0,0,,,,,,0,0,,,,,,1
0022200100,659,1,98,4,10:26 PM,0:57,,,Stewart 3' Cutting Layup Shot (11 PTS) (Cunningham 7 AST),105 - 105,TIE,5,1630191,Isaiah Stewart,1610612765.0,Detroit,Pistons,DET,5,1630595,Cade Cunningham,1610612765.0,Detroit,Pistons,DET,0,0,,,,,,1
0022200100,661,1,80,4,10:26 PM,0:45,Holiday 26' 3PT Step Back Jump Shot (25 PTS),,,105 - 108,3,4,201950,Jrue Holiday,1610612749.0,Milwaukee,Bucks,MIL,0,0,,,,,,0,0,,,,,,1
0022200100,662,9,1,4,10:27 PM,0:45,,,Pistons Timeout: Regular (Reg.6 Short 0),,,3,1610612765,,,,,,0,0,,,,,,0,0,,,,,,0
0022200100,663,8,0,4,10:28 PM,0:45,SUB: Carter FOR Portis,,,,,4,1626171,Bobby Portis,1610612749.0,Milwaukee,Bucks,MIL,4,1628975,Jevon Carter,1610612749.0,Milwaukee,Bucks,MIL,0,0,,,,,,0
0022200100,665,2,79,4,10:29 PM,0:35,,,MISS Cunningham 20' Pullup Jump Shot,,,5,1630595,Cade Cunningham,1610612765.0,Detroit,Pistons,DET,0,0,,,,,,0,0,,,,,,1
0022200100,666,4,0,4,10:29 PM,0:31,G. Antetokounmpo REBOUND (Off:2 Def:5),,,,,4,203507,Giannis Antetokounmpo,1610612749.0,Milwaukee,Bucks,MIL,0,0,,,,,,0,0,,,,,,1
0022200100,667,5,2,4,10:29 PM,0:14,G. Antetokounmpo Lost Ball Turnover (P4.T16),,Bogdanovic STEAL (2 STL),,,4,203507,Giannis Antetokounmpo,1610612749.0,Milwaukee,Bucks,MIL,5,202711,Bojan Bogdanovic,1610612765.0,Detroit,Pistons,DET,0,0,,,,,,1
0022200100,669,2,1,4,10:29 PM,0:05,,,MISS Cunningham 30' 3PT Jump Shot,,,5,1630595,Cade Cunningham,1610612765.0,Detroit,Pistons,DET,0,0,,,,,,0,0,,,,,,1
0022200100,670,4,0,4,10:29 PM,0:01,Matthews REBOUND (Off:1 Def:2),,,,,4,202083,Wesley Matthews,1610612749.0,Milwaukee,Bucks,MIL,0,0,,,,,,0,0,,,,,,1
0022200100,671,6,28,4,10:29 PM,0:01,,,Bey Personal Take Foul (P5.PN) (D.Taylor),,,5,1630180,Saddiq Bey,1610612765.0,Detroit,Pistons,DET,4,201572,Brook Lopez,1610612749.0,Milwaukee,Bucks,MIL,1,0,,,,,,1
0022200100,673,3,11,4,10:30 PM,0:01,Lopez Free Throw 1 of 2 (23 PTS),,,105 - 109,4,4,201572,Brook Lopez,1610612749.0,Milwaukee,Bucks,MIL,0,0,,,,,,0,0,,,,,,1
0022200100,674,3,12,4,10:30 PM,0:01,Lopez Free Throw 2 of 2 (24 PTS),,,105 - 110,5,4,201572,Brook Lopez,1610612749.0,Milwaukee,Bucks,MIL,0,0,,,,,,0,0,,,,,,1
0022200100,675,9,1,4,10:30 PM,0:01,,,Pistons Timeout: Regular (Reg.7 Short 0),,,3,1610612765,,,,,,0,0,,,,,,0,0,,,,,,0
0022200100,676,8,0,4,10:31 PM,0:01,SUB: Hill FOR Holiday,,,,,4,201950,Jrue Holiday,1610612749.0,Milwaukee,Bucks,MIL,4,201588,George Hill,1610612749.0,Milwaukee,Bucks,MIL,0,0,,,,,,0
0022200100,677,8,0,4,10:31 PM,0:01,SUB: Nwora FOR G. Antetokounmpo,,,,,4,203507,Giannis Antetokounmpo,1610612749.0,Milwaukee,Bucks,MIL,4,1629670,Jordan Nwora,1610612749.0,Milwaukee,Bucks,MIL,0,0,,,,,,0
0022200100,680,1,1,4,10:32 PM,0:00,,,Bogdanovic 27' 3PT Jump Shot (23 PTS) (Bey 2 AST),108 - 110,2,5,202711,Bojan Bogdanovic,1610612765.0,Detroit,Pistons,DET,5,1630180,Saddiq Bey,1610612765.0,Detroit,Pistons,DET,0,0,,,,,,1
0022200100,682,18,0,4,10:32 PM,0:00,,Instant Replay4th Period (10:32 PM EST),,108 - 110,2,0,680,John Amaechi,,,,,0,0,,,,,,1,0,,,,,,0
0022200100,683,13,0,4,10:33 PM,0:00,,End of 4th Period (10:33 PM EST),,108 - 110,2,0,0,,,,,,0,0,,,,,,0,0,,,,,,1
